FA 94 34 94 20 94 16 93 76 94 0C 93 C6 94 20 96 00 94 16 94 16 93 EE 94 0C 94 20 94 16 94 02 FF 
FA 94 16 94 70 94 20 94 0C 94 16 94 0C 93 EE 93 C6 94 20 93 76 93 76 94 20 93 76 94 02 94 0C FF 
FA 94 16 94 0C 94 34 94 20 94 20 94 0C 94 02 93 EE 94 0C 94 02 94 16 94 16 94 16 94 0C 94 20 FF 
FA 94 02 94 2A 94 3E 93 F8 94 0C 94 2A 94 2A 94 0C 94 16 94 84 94 16 94 20 94 02 93 C6 94 0C FF 
FA 94 34 94 16 94 0C 94 20 94 16 93 EE 94 20 94 0C 94 20 94 16 94 02 94 0C 93 F8 94 2A 93 EE FF 
FA 94 16 94 3E 94 16 94 02 94 0C 94 16 94 2A 94 20 94 34 94 2A 94 20 94 16 94 02 94 0C 94 16 FF 
FA 94 02 94 20 94 34 94 16 94 48 94 16 94 2A 94 16 94 34 94 16 94 66 94 16 94 02 94 20 94 16 FF 
FA 94 20 94 16 94 5C 93 DA 94 0C 94 3E 93 EE 94 98 94 20 94 02 94 C0 94 20 94 2A 94 16 94 20 FF 
FA 94 16 94 16 93 F8 96 00 94 20 93 76 94 C0 94 C0 94 20 94 C0 94 2A 94 20 94 16 94 2A 94 02 FF 
FA 94 20 93 76 94 16 94 20 94 0C 94 2A 94 16 94 48 94 34 94 16 94 0C 94 3E 94 2A 94 34 94 34 FF 
FA 94 16 93 EE 94 16 94 20 94 20 94 16 94 2A 94 16 94 2A 94 16 94 34 93 EE 94 2A 94 0C 94 20 FF 
FA 94 0C 94 34 94 16 94 16 94 98 94 3E 94 34 94 20 94 20 94 16 94 16 94 16 94 2A 94 20 94 2A FF 
FA 94 2A 94 16 94 0C 94 20 93 76 94 20 94 20 94 34 94 34 94 16 94 20 94 02 94 20 94 16 94 02 FF 
FA 93 EE 94 16 94 34 94 2A 94 52 94 2A 94 34 93 EE 94 5C 94 98 94 7A 94 34 93 76 94 16 93 76 FF 
FA 96 00 94 3E 94 52 94 52 94 2A 94 0C 94 2A 94 2A 94 16 94 2A 94 2A 94 2A 94 34 94 3E 94 48 FF 
FA 94 2A 94 34 94 20 94 2A 94 20 94 2A 94 2A 94 34 94 70 94 C0 94 C0 94 16 94 2A 94 C0 96 00 FF 
FA 96 00 94 70 94 02 94 20 94 70 94 52 94 48 94 34 94 34 94 2A 94 5C 93 76 94 3E 94 16 94 C0 FF 
FA 94 C0 94 3E 94 48 94 3E 94 48 94 48 94 34 94 48 94 3E 94 20 94 2A 94 5C 94 3E 94 34 94 48 FF 
FA 94 70 94 2A 94 3E 94 52 94 48 94 3E 94 3E 94 48 94 3E 94 48 94 48 94 48 94 34 94 52 94 3E FF 
FA 94 2A 94 16 94 48 94 5C 93 76 96 00 94 5C 94 16 94 52 94 3E 94 48 94 48 94 48 94 3E 94 48 FF 
FA 94 52 94 48 94 48 94 5C 94 48 94 3E 94 52 94 52 94 3E 94 52 94 5C 94 52 94 3E 94 3E 94 48 FF 
FA 94 3E 94 48 94 48 94 48 94 16 94 C0 94 3E 94 52 94 52 94 3E 94 52 94 52 94 34 94 52 94 48 FF 
FA 94 3E 94 52 94 52 94 3E 94 7A 94 48 94 52 94 5C 94 48 94 52 94 5C 94 52 94 52 94 48 94 48 FF 
FA 94 48 94 3E 94 3E 94 3E 94 AC 94 C0 94 16 96 00 94 48 94 5C 94 16 94 70 94 52 94 52 94 52 FF 
FA 94 5C 93 76 94 48 94 84 94 52 94 70 94 3E 94 70 94 16 93 76 96 00 94 52 96 00 94 16 94 70 FF 
FA 94 52 94 52 94 98 94 48 94 52 94 52 94 52 94 34 94 5C 94 52 94 52 94 34 94 52 94 48 94 52 FF 
FA 93 76 94 66 94 52 94 48 94 48 94 84 94 52 94 48 94 48 94 5C 94 66 94 70 94 7A 94 70 94 5C FF 
FA 94 70 94 3E 94 5C 94 5C 94 5C 94 52 94 52 94 5C 94 52 94 70 94 70 94 5C 94 66 94 5C 94 52 FF 
FA 94 52 96 00 94 52 94 3E 94 5C 94 5C 94 5C 94 5C 94 3E 94 5C 94 5C 94 66 94 52 94 70 94 98 FF 
FA 94 2A 94 52 94 52 94 5C 94 20 94 84 94 16 94 70 94 7A 94 66 94 70 94 66 93 76 93 76 94 5C FF 
FA 94 52 94 C0 93 76 94 5C 94 66 94 66 94 5C 94 66 94 66 94 84 94 98 94 3E 94 7A 93 76 94 2A FF 
FA 94 70 94 52 94 66 94 52 94 98 94 5C 94 70 94 70 94 5C 94 66 94 66 94 66 94 3E 94 5C 94 5C FF 
FA 94 52 94 70 94 66 94 70 94 52 94 66 94 16 94 66 94 98 94 66 94 70 94 52 94 AC 94 16 94 84 FF 
FA 94 66 94 5C 94 48 94 5C 94 7A 94 66 94 5C 94 66 94 66 94 52 94 5C 94 70 94 70 94 5C 94 70 FF 
FA 93 76 94 5C 94 70 94 5C 94 70 94 70 94 7A 94 66 94 7A 94 66 94 66 94 70 94 7A 94 C0 94 66 FF 
FA 94 98 94 84 94 66 96 00 94 7A 94 84 94 7A 94 66 94 52 94 5C 94 7A 94 C0 94 66 94 16 94 7A FF 
FA 94 84 94 84 94 66 94 66 94 7A 94 70 94 7A 94 7A 94 84 94 70 94 84 94 66 94 70 94 16 94 C0 FF 
FA 94 8E 94 7A 94 84 94 7A 94 70 94 84 94 84 94 7A 94 66 94 84 94 7A 94 7A 94 B6 94 98 94 84 FF 
FA 94 7A 94 7A 94 84 94 84 94 AC 94 84 94 7A 94 84 94 84 94 52 94 A2 94 84 94 7A 94 7A 94 7A FF 
FA 94 98 94 C0 94 7A 94 66 94 84 93 76 94 16 94 AC 94 8E 94 84 94 84 94 7A 94 84 94 98 94 66 FF 
FA 94 7A 96 00 94 5C 94 84 94 84 94 70 94 70 94 DE 94 66 94 B6 94 52 94 52 94 98 94 70 94 8E FF 
FA 94 98 94 8E 94 8E 94 8E 94 7A 94 8E 94 98 94 7A 94 7A 94 8E 94 66 94 84 94 66 94 7A 94 98 FF 
FA 94 5C 96 00 94 84 94 8E 94 7A 94 98 94 8E 94 8E 94 7A 94 AC 94 84 94 7A 94 B6 94 7A 94 98 FF 
FA 96 00 94 7A 94 8E 94 A2 94 66 94 84 94 98 94 C0 94 C0 94 7A 94 8E 94 52 94 66 94 8E 94 84 FF 
FA 94 7A 94 66 94 84 94 7A 94 84 94 52 93 76 94 C0 94 98 94 C0 94 84 94 8E 96 00 94 8E 94 84 FF 
FA 94 98 94 C0 94 8E 94 7A 94 84 94 C0 94 98 94 7A 94 66 94 C0 94 16 94 C0 94 84 94 8E 94 84 FF 
FA 94 66 94 CA 94 8E 94 C0 94 8E 94 7A 94 7A 94 AC 94 84 94 AC 94 7A 94 98 94 98 94 66 94 16 FF 
FA 94 84 94 7A 94 8E 94 8E 94 7A 94 7A 94 7A 94 8E 94 98 94 98 94 98 94 7A 94 8E 94 8E 94 A2 FF 
FA 94 84 96 00 94 B6 94 66 94 8E 94 8E 94 98 94 98 94 84 94 66 94 84 94 66 94 84 94 98 94 8E FF 
FA 94 66 94 7A 94 5C 94 7A 94 B6 94 C0 94 98 94 C0 94 98 94 98 94 7A 94 84 94 84 94 C0 94 8E FF 
FA 94 5C 93 76 96 00 94 C0 94 66 94 16 94 66 94 98 94 84 94 16 94 7A 94 66 94 C0 94 16 94 8E FF 
FA 94 7A 94 84 94 8E 94 A2 94 8E 94 84 94 8E 94 8E 94 84 94 84 94 C0 94 7A 94 98 94 98 94 8E FF 
FA 94 98 94 8E 94 A2 94 66 94 84 94 8E 94 C0 94 98 94 7A 94 C0 94 7A 94 66 94 52 94 98 94 66 FF 
FA 94 8E 94 A2 94 98 94 84 94 8E 94 8E 94 84 94 8E 94 98 94 98 94 8E 94 66 94 8E 94 8E 94 8E FF 
FA 94 7A 94 84 94 98 94 98 94 98 96 00 94 84 94 98 94 8E 94 7A 94 98 94 84 94 98 94 7A 94 84 FF 
FA 94 84 94 8E 94 84 94 98 94 84 95 60 93 76 94 8E 94 E8 93 76 94 66 93 76 94 16 93 76 94 16 FF 
FA 94 84 94 84 94 84 94 8E 94 7A 94 8E 94 8E 94 98 94 98 94 8E 94 8E 94 52 94 5C 94 84 94 98 FF 
FA 94 98 94 B6 94 98 94 98 94 C0 94 98 94 8E 94 8E 94 C0 94 7A 94 84 94 66 96 00 93 76 94 98 FF 
FA 94 8E 94 16 94 98 93 76 94 98 94 A2 94 8E 94 84 94 A2 94 98 94 7A 96 00 94 66 94 98 94 C0 FF 
FA 94 C0 94 7A 95 60 94 8E 94 98 94 98 94 8E 94 C0 94 7A 94 98 94 8E 94 A2 94 66 94 8E 94 70 FF 
FA 94 B6 94 84 94 7A 94 8E 94 66 94 C0 93 76 94 8E 94 84 94 66 94 A2 94 8E 94 98 94 7A 94 84 FF 
FA 94 8E 94 AC 94 16 94 C0 94 98 94 8E 94 8E 94 98 94 98 94 8E 94 66 94 8E 94 AC 94 AC 93 76 FF 
FA 94 7A 94 98 94 84 94 8E 94 84 94 84 94 84 94 8E 94 98 94 98 94 98 94 8E 94 98 94 8E 94 8E FF 
FA 94 84 94 C0 94 98 94 98 94 84 94 8E 94 C0 94 70 94 B6 94 E8 95 60 94 8E 94 98 94 7A 94 8E FF 
FA 94 8E 94 70 94 8E 94 2A 94 98 94 84 94 7A 94 8E 94 98 94 84 94 8E 94 84 94 A2 94 C0 94 7A FF 
FA 94 8E 94 8E 94 98 94 8E 95 60 94 8E 94 84 94 98 94 98 94 84 94 7A 94 C0 94 8E 94 7A 94 70 FF 
FA 94 98 94 C0 94 C0 94 A2 94 98 94 C0 94 8E 94 98 94 7A 94 7A 94 E8 94 16 94 98 94 66 94 AC FF 
FA 96 00 94 AC 94 84 94 84 94 8E 94 84 94 8E 94 98 94 84 94 8E 94 98 94 8E 94 98 94 7A 94 C0 FF 
FA 94 7A 94 8E 94 8E 94 7A 94 AC 94 8E 94 84 94 66 94 98 94 8E 94 98 94 98 94 8E 94 98 94 84 FF 
FA 94 C0 94 C0 94 84 96 00 94 66 94 70 94 C0 94 C0 94 7A 94 AC 94 98 93 76 94 16 94 C0 94 66 FF 
FA 94 98 94 C0 94 A2 94 C0 94 98 94 C0 94 8E 94 8E 94 84 94 98 94 AC 94 7A 94 98 94 84 94 7A FF 
FA 94 98 94 C0 94 8E 94 7A 94 66 94 8E 96 00 94 66 94 98 94 7A 94 AC 94 A2 94 98 94 8E 94 98 FF 
FA 94 A2 94 84 94 8E 94 84 94 8E 94 8E 94 8E 94 8E 94 98 94 98 94 B6 94 16 94 3E 94 C0 94 98 FF 
FA 93 76 94 7A 94 7A 94 70 94 98 94 C0 94 C0 94 8E 94 98 94 C0 94 8E 94 98 94 98 94 AC 94 16 FF 
FA 94 16 94 98 94 84 94 8E 94 7A 94 98 94 84 94 8E 94 98 94 8E 94 98 94 7A 94 66 94 66 94 52 FF 
FA 94 98 94 7A 94 98 94 AC 94 C0 94 52 94 98 94 8E 94 8E 94 98 94 8E 94 8E 94 8E 94 7A 94 84 FF 
FA 94 98 94 8E 94 A2 94 C0 94 8E 94 8E 94 8E 94 8E 94 8E 94 A2 94 8E 94 66 94 AC 94 B6 94 84 FF 
FA 94 AC 94 98 94 52 94 C0 94 16 94 8E 94 7A 94 8E 94 98 94 8E 94 98 94 7A 94 66 94 8E 94 84 FF 
FA 94 84 94 C0 93 76 94 8E 94 84 94 84 94 98 94 98 94 98 94 98 94 8E 94 70 94 7A 94 66 94 84 FF 
FA 94 7A 94 8E 94 7A 94 8E 94 C0 94 8E 96 00 94 98 94 8E 94 84 94 98 94 98 94 8E 94 8E 94 98 FF 
FA 94 AC 94 8E 93 76 94 AC 94 8E 94 8E 94 8E 94 66 94 98 94 AC 94 7A 94 66 94 84 94 70 94 AC FF 
FA 94 C0 94 84 94 8E 94 8E 94 66 96 00 94 98 94 84 94 84 94 84 94 98 94 84 94 8E 94 98 94 8E FF 
FA 94 8E 94 98 94 C0 93 76 94 8E 94 98 93 76 94 3E 94 7A 93 76 94 C0 93 76 94 A2 94 AC 93 76 FF 
FA 94 8E 94 98 94 98 94 98 94 7A 94 70 94 98 94 98 94 66 94 C0 94 16 94 3E 94 8E 94 3E 94 84 FF 
FA 93 76 94 A2 94 7A 94 8E 94 C0 94 98 94 8E 94 98 94 8E 94 8E 94 8E 94 84 94 7A 94 98 94 8E FF 
FA 94 84 94 66 94 84 94 70 94 8E 94 C0 94 8E 94 98 94 7A 94 98 94 8E 94 84 94 8E 94 8E 94 84 FF 
FA 94 98 94 8E 94 98 94 8E 94 98 94 8E 94 84 94 98 94 A2 94 C0 94 98 94 98 94 98 94 8E 94 8E FF 
FA 94 98 94 98 96 00 94 C0 94 66 94 98 94 66 94 98 94 98 94 7A 94 16 94 8E 94 52 94 B6 94 98 FF 
FA 94 8E 94 8E 94 70 94 84 94 5C 94 8E 94 52 94 84 94 8E 94 8E 94 8E 96 00 94 98 94 A2 94 98 FF 
FA 94 98 94 7A 94 16 94 8E 94 7A 94 98 94 84 94 98 94 84 94 A2 94 66 94 8E 94 84 94 8E 94 98 FF 
FA 94 8E 94 C0 94 8E 94 84 94 98 94 84 94 98 94 84 94 8E 94 D4 94 84 94 98 94 70 95 10 94 FC FF 
FA 94 A2 94 7A 94 98 94 7A 94 84 94 98 94 98 94 8E 94 66 94 8E 94 8E 94 98 94 8E 94 8E 96 00 FF 
FA 94 7A 94 52 94 84 94 98 94 66 94 8E 94 8E 94 C0 94 8E 94 8E 94 C0 95 10 94 C0 94 98 94 C0 FF 
FA 94 7A 94 AC 94 8E 94 AC 94 8E 94 C0 94 8E 94 8E 94 8E 94 8E 94 98 94 7A 94 84 94 8E 94 66 FF 
FA 95 60 94 8E 94 8E 94 98 94 84 96 00 93 76 94 C0 95 B0 94 16 94 98 94 66 94 66 94 66 94 8E FF 
FA 94 8E 94 84 94 C0 94 7A 94 84 94 8E 94 84 94 98 94 C0 94 98 94 7A 94 A2 94 8E 94 8E 94 98 FF 
FA 94 8E 94 AC 94 98 94 98 94 8E 94 84 94 7A 94 98 94 98 94 B6 94 98 94 8E 94 98 94 8E 94 98 FF 
FA 94 98 94 8E 94 98 94 84 94 98 94 98 94 98 94 8E 94 98 94 84 94 98 94 8E 94 7A 94 98 94 8E FF 
FA 94 AC 94 8E 94 98 94 8E 94 A2 94 B6 94 52 94 8E 94 66 94 7A 94 B6 94 66 94 B6 94 84 94 8E FF 
FA 94 66 94 8E 94 98 94 7A 94 B6 94 16 94 8E 94 C0 94 C0 93 76 95 60 94 98 94 16 94 98 93 76 FF 
FA 94 66 94 8E 94 98 94 8E 94 8E 94 98 94 98 94 98 94 98 94 98 94 98 94 8E 94 84 94 C0 94 C0 FF 
FA 94 8E 94 C0 94 8E 94 A2 94 98 94 66 94 D4 94 A2 94 FC 94 66 94 98 94 98 94 70 94 8E 94 66 FF 
FA 94 98 94 A2 94 8E 94 98 94 8E 94 A2 94 8E 94 98 94 8E 94 98 94 66 94 98 94 98 94 AC 94 A2 FF 
FA 94 A2 94 AC 94 A2 94 A2 94 8E 94 66 94 98 94 B6 94 66 94 A2 94 98 94 8E 94 16 94 AC 94 AC FF 
FA 94 8E 94 AC 94 AC 94 AC 94 DE 93 76 94 C0 94 A2 94 C0 94 AC 94 B6 94 A2 94 B6 94 C0 94 C0 FF 
FA 94 C0 94 AC 94 B6 94 D4 94 A2 94 C0 94 AC 94 AC 94 CA 94 C0 94 A2 94 A2 94 C0 94 AC 94 A2 FF 
FA 94 C0 94 CA 94 C0 94 CA 94 C0 94 A2 94 C0 94 C0 94 C0 94 B6 94 D4 94 C0 94 B6 94 C0 94 D4 FF 
FA 94 AC 94 C0 94 D4 94 E8 94 C0 94 C0 95 60 93 76 93 76 94 CA 94 D4 94 E8 93 76 94 E8 94 CA FF 
FA 94 FC 94 CA 94 D4 94 DE 95 10 94 84 95 10 94 B6 94 B6 94 DE 94 B6 93 76 94 B6 94 FC 94 DE FF 
FA 94 DE 94 E8 94 E8 94 D4 95 06 95 60 95 60 95 60 94 DE 94 E8 93 76 94 DE 94 FC 94 F2 94 F2 FF 
FA 94 DE 95 06 95 24 95 38 95 06 94 DE 95 10 95 06 94 DE 94 FC 95 06 95 10 94 E8 94 B6 94 B6 FF 
FA 95 10 95 1A 95 06 95 1A 94 F2 95 24 95 24 95 1A 95 1A 95 24 95 10 95 06 95 1A 95 24 95 24 FF 
FA 95 24 95 1A 95 1A 95 1A 94 FC 95 1A 95 24 95 2E 95 1A 95 06 95 38 95 24 95 24 95 2E 95 2E FF 
FA 95 1A 95 2E 95 24 94 B6 95 2E 95 2E 95 2E 95 38 95 2E 95 2E 95 1A 95 2E 94 F2 95 2E 95 38 FF 
FA 95 1A 95 2E 95 2E 95 4C 95 38 95 38 95 24 95 38 95 2E 95 42 95 24 95 2E 95 42 95 4C 95 42 FF 
FA 95 42 95 38 95 4C 94 B6 95 42 95 60 95 2E 95 38 95 42 95 60 95 4C 95 60 95 56 95 6A 95 42 FF 
FA 95 56 95 56 96 00 95 60 95 6A 95 60 95 42 95 92 95 88 95 6A 95 6A 95 7E 95 74 95 4C 95 4C FF 
FA 95 42 95 88 95 6A 95 7E 95 7E 95 B0 93 76 95 A6 95 56 95 6A 95 9C 95 74 95 B0 95 88 95 D8 FF 
FA 94 B6 95 7E 95 56 96 00 95 88 95 9C 95 88 95 88 95 88 95 7E 95 88 95 A6 95 7E 95 7E 95 A6 FF 
FA 95 9C 95 92 95 7E 95 B0 95 7E 95 7E 95 7E 95 92 95 88 95 92 95 92 95 7E 95 9C 95 88 95 9C FF 
FA 95 06 95 56 95 BA 95 56 95 B0 95 BA 95 88 95 88 95 88 95 88 95 88 96 00 95 9C 95 9C 96 00 FF 
FA 95 9C 95 A6 95 92 95 88 95 9C 95 9C 95 9C 95 9C 95 7E 95 7E 95 92 95 7E 95 92 95 9C 95 56 FF 
FA 95 9C 95 56 95 A6 95 A6 95 92 95 CE 95 B0 95 74 95 C4 95 A6 95 56 95 9C 93 76 95 7E 95 56 FF 
FA 95 9C 95 9C 96 00 95 92 95 9C 95 A6 95 B0 95 C4 95 92 95 C4 95 B0 95 BA 95 C4 95 B0 95 A6 FF 
FA 95 7E 95 B0 95 9C 95 92 95 A6 95 7E 95 88 95 A6 95 92 95 88 95 92 95 9C 95 A6 95 9C 95 92 FF 
FA 95 C4 95 9C 94 B6 95 B0 95 92 95 A6 95 9C 95 9C 95 B0 95 A6 95 92 95 BA 95 9C 95 9C 96 00 FF 
FA 93 76 95 9C 95 88 95 88 95 92 95 BA 96 00 95 7E 95 CE 95 B0 95 EC 95 B0 93 76 95 B0 95 06 FF 
FA 95 B0 95 A6 95 9C 95 9C 95 B0 95 9C 95 A6 95 9C 95 56 95 88 95 9C 95 9C 95 9C 95 B0 95 A6 FF 
FA 95 BA 95 88 95 C4 95 B0 95 92 95 56 95 B0 93 76 95 9C 95 A6 93 76 95 B0 95 A6 95 A6 96 00 FF 
FA 95 B0 95 9C 95 9C 95 9C 95 9C 95 A6 96 1E 95 A6 95 88 95 6A 95 B0 95 B0 95 9C 95 A6 95 C4 FF 
FA 95 92 96 00 96 00 96 00 95 9C 95 B0 95 B0 95 88 95 92 95 9C 95 92 95 A6 95 B0 95 9C 95 B0 FF 
FA 95 7E 95 BA 95 B0 95 7E 95 9C 95 A6 95 9C 95 7E 95 9C 95 88 95 A6 94 B6 95 92 96 28 95 56 FF 
FA 96 14 95 B0 94 B6 95 9C 95 9C 95 9C 95 B0 95 92 95 A6 95 92 95 9C 95 9C 95 92 95 A6 95 B0 FF 
FA 95 92 95 B0 95 D8 95 9C 95 B0 95 9C 95 A6 95 9C 96 00 95 92 95 92 95 7E 96 00 95 9C 96 00 FF 
FA 95 A6 95 D8 95 9C 95 9C 95 7E 96 00 95 A6 95 BA 95 9C 93 76 96 00 95 92 96 00 95 A6 96 00 FF 
FA 95 92 95 92 95 88 95 A6 95 A6 95 92 95 7E 95 92 95 A6 96 00 95 92 95 BA 96 00 96 00 95 A6 FF 
FA 95 9C 95 D8 95 92 95 88 96 00 95 7E 95 92 95 A6 95 9C 95 B0 95 9C 95 9C 95 9C 95 A6 95 92 FF 
FA 95 A6 95 B0 95 92 96 00 95 7E 95 92 95 A6 95 92 95 B0 95 92 95 9C 95 9C 95 BA 95 9C 95 92 FF 
FA 95 92 95 EC 95 56 95 9C 95 BA 95 7E 94 B6 93 76 95 D8 94 B6 95 9C 95 7E 95 A6 95 56 95 9C FF 
FA 95 A6 95 9C 95 92 95 D8 93 76 95 B0 96 00 95 B0 95 A6 95 B0 95 92 96 00 95 B0 95 9C 93 76 FF 
FA 95 A6 95 9C 95 9C 95 B0 93 76 96 00 95 9C 95 92 96 00 95 9C 95 92 96 00 95 92 95 9C 95 9C FF 
FA 95 B0 95 BA 95 9C 95 88 95 92 95 9C 95 B0 95 92 95 A6 95 A6 95 92 95 B0 95 92 95 9C 95 9C FF 
FA 95 92 95 B0 95 7E 95 92 96 00 95 9C 95 92 95 7E 95 C4 95 56 95 9C 95 9C 95 92 95 A6 95 B0 FF 
FA 95 9C 95 B0 95 56 95 D8 95 9C 95 92 95 92 95 A6 95 A6 95 9C 95 A6 95 9C 95 56 95 A6 95 BA FF 
FA 95 B0 95 B0 94 B6 95 9C 95 BA 95 88 95 9C 95 92 95 A6 95 9C 95 B0 95 B0 95 B0 95 92 95 92 FF 
FA 95 9C 95 A6 95 9C 95 92 95 7E 95 B0 95 92 95 B0 94 B6 96 00 95 A6 96 00 95 9C 95 92 96 00 FF 
FA 95 B0 95 B0 95 92 96 00 94 B6 95 9C 95 9C 95 9C 95 92 95 9C 95 A6 95 A6 95 BA 95 9C 95 B0 FF 
FA 95 9C 95 9C 95 56 95 56 96 00 96 00 96 00 95 7E 95 92 95 92 95 92 95 9C 95 B0 95 A6 95 9C FF 
FA 95 B0 95 7E 95 BA 95 EC 95 9C 95 92 95 7E 95 A6 95 92 95 88 95 A6 95 74 95 56 95 9C 95 9C FF 
FA 95 9C 95 A6 95 92 95 9C 95 9C 95 B0 95 A6 95 9C 95 A6 95 9C 93 76 95 9C 95 9C 95 92 95 9C FF 
FA 96 00 95 C4 95 9C 95 9C 95 92 95 6A 95 7E 93 76 95 56 95 BA 95 56 95 92 95 7E 95 74 95 56 FF 
FA 95 B0 95 92 95 7E 94 B6 95 B0 95 92 95 88 95 7E 95 92 95 92 95 9C 95 C4 95 56 96 00 95 B0 FF 
FA 95 92 95 92 95 92 95 92 95 6A 95 9C 95 B0 95 92 95 9C 95 9C 96 00 95 7E 95 9C 95 9C 95 C4 FF 
FA 95 A6 95 92 95 7E 93 76 95 92 95 88 95 9C 95 B0 95 B0 95 B0 95 A6 95 9C 95 92 95 B0 95 C4 FF 
FA 95 7E 95 92 95 92 96 00 95 A6 95 92 95 92 95 9C 95 92 95 B0 95 88 95 A6 95 9C 95 A6 95 A6 FF 
FA 95 A6 95 9C 95 92 95 92 95 9C 95 92 95 9C 95 A6 95 9C 95 7E 95 88 95 92 95 B0 95 92 95 9C FF 
FA 95 A6 95 B0 95 B0 95 9C 95 88 95 92 95 9C 95 9C 95 88 95 92 95 A6 95 B0 95 92 95 B0 95 A6 FF 
FA 95 88 96 00 95 88 96 00 95 B0 95 92 95 92 95 92 95 88 95 92 95 B0 95 9C 95 D8 95 7E 95 92 FF 
FA 96 00 95 BA 95 B0 95 9C 95 A6 95 7E 95 7E 95 9C 95 56 95 9C 95 A6 95 92 95 B0 95 A6 95 56 FF 
FA 95 9C 95 92 95 74 93 76 95 9C 95 92 95 92 95 92 95 B0 95 7E 95 B0 95 9C 95 56 95 88 95 B0 FF 
FA 95 92 95 B0 95 56 95 56 95 88 95 7E 95 B0 95 9C 95 9C 95 92 95 9C 95 92 95 88 95 88 95 9C FF 
FA 95 92 95 9C 95 92 95 92 95 88 95 92 95 88 95 7E 95 92 95 9C 95 56 95 B0 96 00 95 74 95 92 FF 
FA 95 A6 95 BA 95 92 95 7E 96 00 95 92 95 92 95 BA 95 7E 95 88 95 7E 95 92 95 9C 95 92 95 88 FF 
FA 95 B0 94 B6 95 92 95 88 95 9C 95 7E 95 B0 96 00 96 00 96 00 96 28 96 00 95 9C 95 9C 95 88 FF 
FA 95 88 95 7E 95 A6 95 7E 95 92 96 00 95 88 95 9C 95 7E 95 9C 95 92 95 92 95 A6 95 92 95 92 FF 
FA 95 9C 95 7E 95 B0 95 7E 95 92 95 7E 95 92 96 00 96 00 94 B6 95 9C 95 92 94 B6 95 56 95 60 FF 
FA 96 00 95 9C 95 B0 95 9C 95 92 95 92 94 B6 95 7E 95 92 95 88 95 56 95 B0 95 88 95 9C 95 88 FF 
FA 95 BA 95 9C 96 00 93 76 95 7E 95 7E 95 92 95 92 95 7E 95 B0 95 B0 95 92 95 92 95 92 95 92 FF 
FA 95 92 95 B0 95 A6 95 7E 95 9C 95 9C 95 A6 95 9C 95 92 95 9C 95 92 95 7E 95 92 95 9C 95 92 FF 
FA 95 9C 93 76 95 A6 95 92 96 50 94 B6 94 B6 95 56 95 D8 95 9C 95 92 95 9C 95 9C 95 92 95 D8 FF 
FA 95 92 96 00 96 00 95 88 95 92 95 92 95 88 95 92 95 92 95 92 95 A6 95 B0 95 92 95 9C 95 92 FF 
FA 95 92 95 56 96 00 95 9C 95 92 95 9C 95 92 95 B0 95 7E 95 B0 94 B6 94 B6 95 7E 95 56 95 B0 FF 
FA 95 D8 95 92 95 9C 95 88 95 92 96 0A 95 9C 95 A6 95 7E 95 9C 95 92 95 B0 95 6A 95 92 95 42 FF 
FA 95 92 95 92 95 92 95 7E 95 7E 95 9C 95 9C 95 92 95 B0 95 92 95 9C 95 92 95 92 95 B0 95 92 FF 
FA 95 9C 95 92 96 1E 95 92 95 92 95 74 95 92 95 7E 95 88 95 9C 95 92 96 00 95 92 95 92 95 92 FF 
FA 95 92 95 92 95 9C 95 9C 96 00 95 88 95 92 95 92 95 92 95 92 96 00 95 9C 95 9C 95 92 95 92 FF 
FA 95 9C 95 88 95 6A 95 88 95 A6 95 A6 95 92 95 92 95 92 95 92 95 92 95 92 95 92 95 9C 96 00 FF 
FA 95 B0 95 9C 95 88 95 92 95 4C 95 92 95 B0 95 9C 95 B0 95 9C 93 76 96 00 95 7E 94 B6 95 7E FF 
FA 96 00 95 92 95 7E 95 9C 95 7E 95 56 95 D8 95 74 95 88 95 92 95 D8 95 EC 95 9C 95 92 95 88 FF 
FA 95 56 95 88 95 B0 94 B6 95 9C 95 9C 95 9C 95 88 95 92 95 92 95 9C 95 9C 95 92 95 C4 95 7E FF 
FA 95 B0 95 A6 95 74 95 9C 96 00 95 92 94 B6 95 9C 95 A6 95 7E 95 B0 95 88 95 7E 95 9C 95 D8 FF 
FA 95 56 95 92 95 92 95 9C 95 7E 95 92 95 88 95 88 95 B0 95 92 96 00 95 92 95 9C 95 92 95 A6 FF 
FA 95 9C 95 92 96 00 95 7E 95 92 95 7E 95 88 95 92 95 92 95 A6 95 7E 95 A6 95 92 95 74 95 88 FF 
FA 95 D8 95 B0 96 00 96 00 95 7E 95 7E 95 88 95 92 95 92 95 92 95 92 95 92 95 92 95 A6 95 88 FF 
FA 95 7E 95 7E 95 9C 95 92 96 00 95 9C 95 92 95 B0 95 B0 95 88 95 92 95 92 95 9C 95 74 95 9C FF 
FA 95 92 95 9C 95 92 95 92 95 7E 94 B6 95 92 95 56 95 B0 95 92 95 56 95 92 95 9C 95 BA 95 7E FF 
FA 95 88 95 B0 95 A6 93 76 95 9C 95 92 95 88 95 88 95 92 95 92 96 00 95 9C 95 92 95 92 95 92 FF 
FA 95 56 95 92 95 9C 95 88 95 56 95 9C 95 92 95 92 95 88 95 92 96 00 95 9C 95 92 96 00 96 00 FF 
FA 95 BA 95 D8 95 B0 95 9C 93 76 95 A6 95 74 95 7E 95 92 95 9C 95 92 95 88 95 B0 95 88 95 92 FF 
FA 95 A6 95 A6 95 92 95 92 95 A6 95 B0 93 76 95 56 93 76 95 B0 95 B0 95 74 95 7E 95 92 95 6A FF 
FA 95 6A 95 9C 95 9C 96 00 95 92 95 88 95 92 95 A6 95 A6 95 9C 95 92 95 9C 95 9C 95 92 96 00 FF 
FA 95 92 95 C4 95 7E 95 A6 95 92 94 B6 95 88 96 00 93 76 96 00 96 00 96 00 96 00 93 76 94 B6 FF 
FA 95 A6 95 B0 95 92 95 9C 95 88 95 92 96 00 95 9C 96 00 93 76 95 92 95 B0 94 B6 95 56 94 B6 FF 
FA 95 92 95 A6 95 9C 95 9C 95 9C 95 92 95 88 95 9C 95 7E 95 92 95 92 95 9C 95 7E 95 92 95 88 FF 
FA 95 92 95 A6 95 A6 95 9C 95 B0 95 7E 95 D8 95 88 95 B0 95 B0 95 4C 95 BA 95 A6 95 92 95 88 FF 
FA 95 92 95 88 95 9C 95 56 95 9C 95 7E 95 9C 95 92 95 92 95 9C 95 92 95 9C 95 7E 95 92 95 88 FF 
FA 95 56 95 56 95 92 95 9C 95 9C 95 B0 95 9C 95 7E 95 B0 95 9C 95 7E 95 92 95 D8 94 B6 95 B0 FF 
FA 95 56 95 9C 95 92 95 74 95 7E 95 88 95 7E 95 92 95 7E 95 9C 95 88 95 88 96 00 95 92 95 88 FF 
FA 95 92 95 92 95 7E 95 B0 95 6A 95 7E 95 7E 95 B0 95 C4 95 92 95 92 95 56 95 6A 95 6A 95 B0 FF 
FA 95 92 95 92 93 76 95 9C 95 A6 95 88 95 9C 95 9C 95 A6 95 92 95 9C 95 88 96 00 95 9C 95 88 FF 
FA 95 9C 95 A6 95 A6 95 92 95 88 95 56 96 00 95 88 95 9C 95 9C 95 92 95 B0 96 00 95 92 95 C4 FF 
FA 95 7E 95 B0 95 A6 95 7E 96 00 95 B0 95 88 95 9C 95 92 95 7E 95 9C 95 9C 95 88 95 88 95 88 FF 
FA 95 C4 95 56 95 EC 95 B0 95 56 95 92 95 88 93 76 95 92 95 9C 96 00 95 9C 95 92 95 7E 96 00 FF 
FA 95 A6 95 92 95 7E 95 92 95 B0 95 C4 95 BA 96 00 95 CE 95 B0 95 B0 95 56 95 B0 95 B0 95 EC FF 
FA 95 74 95 9C 95 92 95 92 95 9C 95 9C 95 88 95 7E 95 92 95 BA 95 7E 95 7E 95 92 95 92 95 92 FF 
FA 95 7E 95 D8 95 92 95 56 95 56 95 56 95 B0 95 7E 95 9C 95 7E 95 BA 93 76 95 92 95 88 96 00 FF 
FA 96 A0 95 9C 95 88 94 B6 96 00 95 7E 95 92 95 B0 95 7E 95 92 95 9C 95 9C 95 9C 95 92 95 7E FF 
FA 95 9C 95 88 95 BA 95 A6 93 76 95 9C 95 9C 95 92 95 92 96 00 96 00 94 B6 95 A6 95 88 94 B6 FF 
FA 95 56 95 9C 96 00 95 88 95 9C 95 92 95 7E 95 92 95 56 95 7E 95 7E 94 B6 95 92 95 56 95 9C FF 
FA 96 00 95 9C 95 B0 95 7E 95 92 95 92 95 7E 95 9C 95 B0 95 92 95 74 95 4C 95 92 95 7E 95 7E FF 
FA 95 92 95 B0 95 7E 95 7E 95 92 95 B0 95 9C 95 92 93 76 95 9C 95 56 94 B6 95 92 95 9C 96 00 FF 
FA 95 92 95 88 95 9C 95 B0 95 9C 95 92 95 9C 95 6A 95 9C 95 A6 95 A6 94 B6 95 D8 95 B0 93 76 FF 
FA 95 92 95 74 95 92 93 76 95 74 95 7E 95 9C 95 92 95 92 95 9C 95 88 95 92 95 7E 95 92 95 9C FF 
FA 95 B0 95 7E 95 9C 96 00 95 B0 95 7E 95 EC 95 92 95 92 95 6A 95 D8 95 9C 95 92 95 7E 95 2E FF 
FA 95 7E 95 9C 96 00 93 76 95 7E 95 88 95 92 95 9C 95 B0 95 B0 95 7E 95 92 95 88 95 7E 95 88 FF 
FA 95 92 95 7E 95 88 95 88 95 74 95 92 96 00 95 B0 95 7E 95 9C 93 76 95 9C 95 9C 95 92 95 92 FF 
FA 95 88 95 A6 95 9C 95 7E 95 56 96 00 94 B6 96 00 95 74 95 92 95 B0 95 92 95 7E 95 56 95 88 FF 
FA 95 7E 95 92 95 7E 95 92 95 D8 95 7E 94 B6 94 B6 95 92 95 92 93 76 94 B6 93 76 96 00 96 00 FF 
FA 96 00 95 7E 95 92 95 7E 95 88 95 C4 95 42 95 A6 95 92 94 B6 95 9C 95 D8 95 6A 95 56 95 56 FF 
FA 95 92 95 88 95 B0 95 7E 95 7E 95 88 95 56 95 C4 95 2E 95 56 95 7E 95 56 95 92 95 9C 95 6A FF 
FA 95 88 95 9C 95 B0 96 00 95 92 95 92 95 9C 95 92 95 88 95 88 95 88 95 92 93 76 95 88 95 9C FF 
FA 95 B0 95 D8 95 88 95 7E 95 88 95 88 95 7E 96 00 95 92 95 9C 95 9C 95 88 95 7E 96 00 96 00 FF 
FA 95 92 95 A6 95 92 95 92 95 88 95 7E 95 7E 95 9C 95 92 95 88 95 7E 95 92 95 7E 95 88 95 92 FF 
FA 95 A6 95 A6 95 9C 95 88 95 92 94 B6 95 A6 95 56 95 56 95 7E 95 56 95 B0 95 B0 95 88 95 B0 FF 
FA 95 92 95 92 95 92 95 7E 95 88 95 D8 95 B0 95 74 95 92 95 56 95 7E 95 D8 94 B6 95 6A 95 A6 FF 
FA 95 B0 95 9C 95 92 95 7E 95 88 95 9C 95 9C 95 9C 95 88 95 7E 95 B0 95 9C 95 88 95 9C 95 92 FF 
FA 95 88 96 00 95 92 95 88 93 76 95 7E 95 92 95 9C 95 56 95 92 95 7E 95 7E 95 88 95 9C 95 9C FF 
FA 95 88 96 14 95 C4 95 60 96 00 95 56 95 88 95 92 95 92 95 88 95 74 95 56 95 7E 95 88 95 88 FF 
FA 95 92 95 9C 95 7E 94 B6 95 92 96 00 95 B0 95 88 95 7E 95 88 95 88 95 88 95 88 95 92 95 88 FF 
FA 95 9C 95 88 93 76 95 D8 95 88 95 7E 95 74 95 56 95 CE 95 92 95 92 95 88 95 92 95 88 95 88 FF 
FA 95 9C 95 88 93 76 95 D8 95 92 95 92 95 92 95 9C 95 7E 95 92 95 92 95 B0 95 88 95 7E 95 92 FF 
FA 95 C4 95 88 95 7E 95 9C 95 9C 95 92 95 92 95 88 95 74 95 92 95 88 95 9C 95 B0 95 92 95 7E FF 
FA 95 C4 95 88 95 92 96 00 95 88 95 88 95 88 95 7E 95 88 95 7E 95 88 95 74 95 B0 95 9C 95 92 FF 
FA 95 74 95 7E 95 9C 95 9C 95 7E 95 4C 95 9C 95 56 94 B6 95 9C 95 56 95 C4 95 9C 95 7E 95 B0 FF 
FA 95 9C 95 9C 95 56 93 76 96 00 95 9C 95 92 95 74 95 B0 95 B0 96 00 95 92 95 88 95 88 95 88 FF 
FA 95 9C 95 38 96 00 95 88 95 92 95 92 95 88 95 9C 95 7E 96 00 95 74 95 56 95 92 95 9C 95 92 FF 
FA 95 92 93 76 95 D8 95 7E 95 7E 95 7E 95 92 95 88 95 92 95 92 95 7E 95 88 95 88 95 7E 95 56 FF 
FA 95 92 95 9C 95 92 95 88 94 B6 95 88 95 56 95 56 95 7E 94 B6 95 D8 95 56 95 56 96 00 96 00 FF 
FA 95 56 95 88 95 88 96 00 95 92 94 B6 95 B0 96 00 95 7E 95 7E 95 9C 95 92 95 92 96 00 95 56 FF 
FA 95 92 94 B6 95 92 95 60 95 88 95 88 95 92 95 7E 95 56 95 9C 95 92 95 92 95 92 95 88 95 88 FF 
FA 95 7E 95 56 95 B0 95 88 95 7E 95 92 95 9C 95 88 95 88 95 6A 95 A6 95 42 95 92 95 B0 95 56 FF 
FA 95 6A 95 7E 95 7E 95 74 95 88 95 7E 95 92 95 92 95 7E 95 6A 95 92 95 A6 95 7E 95 7E 95 92 FF 
FA 95 BA 95 74 95 B0 95 56 95 88 95 88 95 7E 95 9C 95 7E 95 92 95 9C 95 92 95 7E 95 88 95 88 FF 
FA 95 88 95 B0 93 76 95 56 96 00 95 7E 95 88 95 92 95 92 95 6A 95 92 95 88 95 88 95 7E 95 92 FF 
FA 95 7E 96 00 94 B6 96 00 95 88 95 7E 95 88 95 2E 95 9C 95 7E 95 88 95 88 95 7E 95 7E 95 7E FF 
FA 95 7E 95 92 95 9C 95 56 95 7E 95 9C 95 88 95 7E 95 88 95 88 95 B0 95 88 95 7E 95 88 95 92 FF 
FA 95 92 95 56 95 88 95 74 95 56 95 88 95 88 95 88 96 00 95 7E 95 88 95 88 95 9C 95 74 95 7E FF 
FA 95 7E 93 76 93 76 95 88 95 92 95 88 95 88 95 9C 95 92 95 88 95 74 95 74 95 7E 95 7E 95 88 FF 
FA 95 92 95 88 95 92 95 74 96 00 95 56 95 88 95 88 95 9C 95 88 95 88 95 7E 95 7E 95 9C 95 56 FF 
FA 95 9C 95 B0 95 7E 95 60 95 88 95 7E 96 00 95 C4 96 00 95 92 95 B0 95 7E 95 92 95 7E 95 88 FF 
FA 95 88 95 92 95 74 95 D8 95 88 95 88 95 92 95 7E 95 7E 95 88 95 56 95 7E 95 92 95 7E 95 9C FF 
FA 95 92 95 7E 95 A6 95 7E 94 B6 95 88 95 88 95 88 95 B0 95 7E 96 00 95 88 95 9C 95 92 95 9C FF 
FA 95 4C 95 92 95 88 95 88 95 60 95 7E 95 B0 95 B0 95 88 95 92 95 7E 95 9C 95 7E 95 92 95 88 FF 
FA 95 9C 93 76 95 A6 95 88 95 9C 95 B0 95 7E 95 7E 96 00 95 74 95 7E 95 88 95 92 95 92 95 56 FF 
FA 95 92 95 9C 95 7E 95 7E 95 9C 95 9C 96 00 95 92 96 00 96 00 96 00 95 92 95 B0 95 7E 95 92 FF 
FA 95 7E 95 92 95 7E 95 92 94 B6 95 74 94 B6 95 88 95 88 95 7E 95 B0 95 B0 95 7E 96 00 95 7E FF 
FA 95 92 95 88 95 88 95 92 95 9C 95 88 95 88 95 92 95 88 95 92 95 88 95 74 95 9C 95 74 95 7E FF 
FA 95 D8 95 9C 95 88 95 9C 95 74 95 A6 94 B6 95 D8 95 9C 95 56 94 B6 96 00 95 7E 95 88 96 00 FF 
FA 95 9C 95 9C 95 56 95 7E 95 42 95 92 96 00 95 88 93 76 96 00 95 56 95 88 95 7E 95 88 95 74 FF 
FA 95 88 95 6A 95 92 95 92 96 00 95 7E 95 88 95 7E 95 92 95 88 95 88 95 88 95 88 95 92 95 92 FF 
FA 95 9C 95 6A 95 92 95 A6 95 9C 95 9C 95 7E 95 88 95 88 95 9C 95 7E 95 92 95 BA 95 88 95 88 FF 
FA 95 88 95 92 95 6A 95 7E 96 00 95 56 96 00 96 00 95 9C 95 88 96 00 96 00 96 00 95 88 95 74 FF 
FA 95 9C 95 7E 95 C4 95 B0 95 88 95 74 95 88 95 7E 95 9C 95 7E 95 88 95 A6 95 92 95 9C 95 6A FF 
FA 95 BA 93 76 94 B6 95 A6 95 74 95 88 95 88 95 88 95 88 95 92 95 92 95 88 96 00 95 92 95 9C FF 
FA 95 9C 95 74 95 92 95 9C 95 7E 95 56 95 74 95 9C 95 7E 95 7E 95 92 95 88 95 88 95 7E 95 88 FF 
FA 95 92 95 6A 95 60 95 7E 95 56 94 B6 95 B0 95 88 94 B6 95 B0 94 B6 93 76 94 B6 95 56 95 B0 FF 
FA 95 7E 95 7E 95 56 95 7E 95 C4 95 7E 95 BA 95 9C 95 92 95 A6 95 88 95 A6 95 92 95 A6 95 92 FF 
FA 95 7E 95 9C 95 7E 95 88 95 B0 95 9C 95 88 96 00 93 76 95 2E 95 B0 95 B0 96 00 95 9C 95 6A FF 
FA 95 B0 95 7E 95 74 95 2E 95 92 95 A6 95 7E 95 B0 95 56 95 7E 95 7E 95 A6 95 74 95 06 95 6A FF 
FA 95 B0 95 7E 95 88 95 9C 95 88 95 92 95 C4 95 56 95 88 95 88 95 9C 95 7E 95 92 95 7E 95 88 FF 
FA 95 7E 95 B0 95 7E 95 88 95 92 95 88 95 7E 95 88 95 88 95 7E 95 B0 95 9C 95 92 95 7E 95 88 FF 
FA 95 B0 95 B0 95 88 95 2E 94 B6 96 00 95 B0 95 A6 95 7E 95 60 95 A6 95 6A 95 7E 95 42 95 88 FF 
FA 95 74 95 88 95 88 95 88 95 92 95 92 95 B0 95 56 95 88 95 88 95 92 95 9C 95 9C 95 7E 95 A6 FF 
FA 95 92 95 9C 95 7E 95 88 95 92 95 7E 95 A6 95 56 95 B0 93 76 95 56 95 7E 95 EC 95 9C 95 9C FF 
FA 93 76 95 88 95 74 96 00 95 88 95 9C 95 88 95 92 95 B0 95 88 95 92 95 88 95 88 95 88 95 92 FF 
FA 96 00 95 9C 95 7E 94 B6 95 7E 95 88 95 74 95 7E 95 7E 95 88 95 74 95 6A 95 92 95 7E 95 7E FF 
FA 95 92 95 7E 95 A6 95 A6 95 88 95 56 95 B0 95 A6 95 7E 95 6A 95 56 95 A6 95 A6 95 06 95 B0 FF 
FA 95 B0 95 9C 96 00 96 00 95 92 95 88 95 74 95 74 95 7E 95 92 95 7E 95 7E 95 88 95 7E 95 88 FF 
FA 95 88 96 00 95 88 95 92 95 88 95 88 95 9C 95 7E 96 00 95 6A 95 56 95 7E 95 92 96 00 96 00 FF 
FA 95 92 94 B6 95 7E 95 92 95 92 95 92 95 88 95 74 95 7E 95 7E 95 7E 95 88 95 56 95 9C 95 B0 FF 
FA 95 7E 95 B0 93 76 95 9C 95 7E 96 00 93 76 95 92 95 56 94 B6 95 9C 93 76 94 B6 95 56 95 7E FF 
FA 95 7E 95 7E 95 88 95 4C 95 7E 95 92 95 92 95 92 95 88 95 9C 95 88 95 88 95 7E 95 56 95 9C FF 
FA 95 92 95 56 95 56 95 B0 95 7E 95 88 95 92 95 88 95 88 95 92 95 7E 95 88 95 7E 95 7E 95 88 FF 
FA 95 7E 95 60 95 B0 95 74 95 88 95 56 96 00 95 6A 95 B0 96 00 95 7E 96 00 96 00 95 7E 95 7E FF 
FA 95 88 95 9C 95 88 95 92 95 56 95 88 95 74 93 76 95 7E 95 56 95 B0 95 88 95 B0 95 56 95 7E FF 
FA 96 00 95 B0 95 7E 95 88 95 88 95 88 95 B0 95 88 95 88 95 7E 95 C4 95 7E 95 88 95 7E 95 9C FF 
FA 95 88 95 88 95 7E 95 6A 95 88 95 88 95 7E 95 7E 95 92 95 88 95 7E 95 7E 95 88 95 92 95 7E FF 
FA 95 BA 95 88 95 C4 95 A6 95 56 95 7E 95 9C 95 88 95 88 96 00 95 9C 95 7E 95 92 95 B0 95 9C FF 
FA 95 9C 95 6A 95 7E 95 88 95 88 95 92 95 56 96 00 95 88 95 C4 95 56 95 88 95 92 94 B6 95 92 FF 
FA 95 B0 95 92 95 92 95 56 95 92 95 9C 95 74 95 A6 95 BA 95 9C 95 74 95 92 95 9C 95 74 95 92 FF 
FA 95 56 95 92 95 A6 95 7E 95 88 95 7E 95 92 95 7E 95 7E 95 88 95 92 95 88 95 7E 95 92 95 88 FF 
FA 95 88 95 7E 95 7E 95 74 95 7E 94 B6 95 56 95 7E 95 7E 95 7E 95 88 95 B0 95 6A 95 74 95 7E FF 
FA 94 B6 95 6A 95 7E 95 B0 95 88 93 76 95 92 95 B0 95 88 95 88 95 92 95 7E 95 7E 96 00 95 88 FF 
FA 95 88 95 7E 95 88 95 B0 95 A6 94 B6 95 7E 95 7E 93 76 95 B0 95 6A 95 D8 94 B6 93 76 95 56 FF 
FA 95 56 95 88 95 7E 95 92 95 7E 95 7E 95 7E 95 92 95 74 95 88 95 88 95 7E 95 7E 95 92 95 88 FF 
FA 95 B0 95 9C 95 9C 95 92 95 7E 95 88 95 9C 95 56 95 56 95 7E 95 88 95 88 95 88 95 7E 95 88 FF 
FA 95 9C 95 B0 95 7E 95 88 95 88 95 88 95 7E 95 7E 95 88 95 88 95 74 95 56 95 88 95 88 95 88 FF 
FA 95 88 95 7E 95 56 95 D8 95 7E 95 88 95 92 95 7E 95 92 95 88 95 88 95 B0 95 88 95 7E 95 56 FF 
FA 95 92 93 76 95 C4 95 92 95 88 95 88 95 92 95 7E 95 88 95 88 95 7E 95 92 95 88 95 88 95 7E FF 
FA 95 7E 95 6A 95 6A 93 76 96 00 95 92 95 7E 95 88 95 7E 95 7E 95 7E 95 88 95 7E 95 7E 95 88 FF 
FA 95 7E 95 9C 95 88 95 9C 95 88 95 7E 95 7E 95 6A 95 92 95 88 95 9C 95 88 95 A6 95 7E 95 7E FF 
FA 95 C4 95 7E 95 D8 95 9C 95 74 95 74 95 7E 95 92 95 7E 95 88 96 00 95 74 95 7E 95 9C 96 00 FF 
FA 95 92 95 9C 95 88 95 7E 95 A6 95 56 95 A6 95 D8 95 9C 95 A6 95 88 95 74 95 88 95 88 95 92 FF 
FA 95 88 96 00 94 B6 94 B6 95 7E 95 7E 95 7E 95 9C 95 92 95 88 95 88 95 88 95 9C 95 7E 95 7E FF 
FA 95 92 95 56 95 92 95 7E 95 6A 95 B0 95 92 95 74 95 88 95 56 95 88 95 7E 95 C4 95 9C 95 88 FF 
FA 95 A6 95 7E 93 76 95 B0 95 7E 95 56 96 00 95 7E 95 92 95 9C 95 7E 95 88 95 92 95 7E 95 92 FF 
FA 95 92 95 88 95 7E 95 92 95 7E 95 7E 95 A6 95 88 95 88 95 B0 95 88 95 92 95 7E 95 B0 95 7E FF 
FA 95 B0 95 88 95 74 95 7E 95 74 95 88 95 92 95 92 95 9C 95 7E 95 7E 95 7E 95 7E 95 88 95 88 FF 
FA 95 88 95 74 95 88 95 88 95 A6 95 D8 95 88 95 7E 95 56 95 56 95 56 95 88 94 B6 94 B6 95 92 FF 
FA 95 7E 95 92 95 74 95 6A 95 9C 95 92 95 9C 95 9C 95 92 95 A6 95 88 95 7E 95 B0 95 7E 95 7E FF 
FA 95 92 95 92 95 7E 94 B6 95 7E 95 7E 95 7E 95 92 95 88 95 7E 95 88 95 92 95 88 95 88 95 88 FF 
FA 95 7E 95 7E 95 88 95 88 95 A6 95 92 96 00 95 88 95 7E 95 B0 95 74 95 92 95 7E 96 00 95 56 FF 
FA 95 88 95 88 95 B0 95 56 95 92 93 76 95 56 95 92 96 00 93 76 96 00 93 76 96 00 95 88 95 88 FF 
FA 95 7E 95 88 95 88 95 92 95 88 95 7E 95 88 95 B0 95 88 95 88 95 88 95 88 95 7E 95 7E 95 88 FF 
FA 95 B0 95 56 95 7E 95 74 95 92 95 7E 95 92 95 88 95 88 95 7E 95 88 95 7E 95 92 95 B0 95 7E FF 
FA 95 7E 95 9C 95 7E 95 7E 95 C4 96 00 95 9C 95 88 95 D8 95 7E 95 88 95 9C 95 7E 95 88 95 92 FF 
FA 95 88 95 B0 95 6A 95 74 94 B6 95 7E 95 88 95 7E 95 92 95 B0 95 B0 95 9C 96 00 95 88 95 88 FF 
FA 95 88 95 92 95 56 95 7E 95 74 93 76 95 56 95 D8 95 74 95 88 95 9C 95 9C 95 9C 95 7E 95 7E FF 
FA 95 C4 94 B6 95 B0 95 88 95 88 95 88 95 9C 96 00 96 00 96 00 95 56 95 B0 96 00 96 00 93 76 FF 
FA 95 92 95 92 95 92 95 92 95 7E 95 7E 95 9C 95 7E 95 92 95 88 95 7E 95 92 96 00 95 7E 95 92 FF 
FA 95 7E 95 88 95 7E 95 88 95 7E 95 56 96 00 95 92 95 92 95 88 94 B6 93 76 95 7E 95 88 95 92 FF 
FA 94 B6 95 9C 95 92 95 88 95 B0 94 B6 95 9C 95 7E 94 B6 94 B6 95 92 96 00 95 56 95 7E 96 00 FF 
FA 95 7E 95 B0 95 9C 96 00 95 42 95 74 94 B6 95 B0 95 7E 95 B0 95 6A 95 B0 95 56 95 92 95 88 FF 
FA 95 56 95 92 95 92 95 88 95 92 95 B0 95 92 95 7E 95 88 95 56 95 9C 95 7E 95 A6 95 7E 95 88 FF 
FA 95 6A 95 92 95 88 96 00 95 88 95 9C 95 88 95 7E 95 7E 95 92 95 92 95 92 95 88 95 7E 95 88 FF 
FA 95 88 95 88 93 76 95 EC 96 00 95 7E 96 00 95 7E 95 88 95 92 96 00 95 7E 95 88 95 88 95 BA FF 
FA 95 92 95 B0 95 9C 95 74 95 92 95 88 95 88 95 9C 96 00 95 56 95 9C 95 92 96 00 95 92 95 92 FF 
FA 95 B0 95 88 95 56 95 C4 95 BA 95 88 95 9C 95 7E 95 92 95 92 95 74 95 74 95 7E 95 7E 95 88 FF 
FA 95 9C 95 7E 93 76 95 7E 93 76 96 00 95 88 95 92 95 9C 95 7E 95 7E 95 7E 95 88 95 88 95 7E FF 
FA 95 BA 95 88 95 B0 95 92 95 92 95 7E 95 92 95 7E 95 A6 95 88 95 88 95 74 95 9C 95 92 95 9C FF 
FA 95 7E 95 B0 95 92 95 9C 94 B6 95 B0 96 00 95 92 95 7E 95 88 96 00 96 00 95 88 95 9C 95 92 FF 
FA 95 9C 95 92 95 7E 95 88 95 56 95 7E 96 00 95 BA 95 06 95 9C 93 76 95 88 95 92 95 7E 95 7E FF 
FA 96 00 95 56 95 7E 95 92 95 A6 95 74 95 7E 95 6A 95 A6 95 9C 95 7E 95 A6 95 74 95 92 95 92 FF 
FA 95 BA 95 92 95 92 95 9C 95 B0 95 7E 95 92 95 9C 95 74 95 B0 95 88 95 92 96 00 93 76 95 7E FF 
FA 95 7E 95 9C 95 92 95 9C 95 A6 95 56 95 88 95 7E 95 88 95 74 95 7E 95 6A 95 A6 95 B0 95 92 FF 
FA 95 7E 95 92 95 92 95 88 95 7E 95 92 96 00 95 88 95 92 95 A6 95 88 95 7E 95 9C 95 A6 95 6A FF 
FA 95 92 96 00 96 00 95 92 95 92 95 92 95 92 95 92 95 88 96 00 95 7E 95 92 95 88 95 9C 95 9C FF 
FA 95 92 95 92 95 7E 95 B0 95 74 95 88 95 92 95 88 95 88 95 92 95 7E 95 92 96 00 95 88 95 9C FF 
FA 95 7E 95 A6 95 9C 95 9C 95 88 95 56 95 88 95 88 95 7E 95 9C 95 92 95 56 95 7E 95 74 95 A6 FF 
FA 95 B0 95 92 95 74 96 00 95 9C 95 92 95 92 95 74 95 BA 95 74 95 88 95 92 95 9C 95 88 95 88 FF 
FA 95 9C 95 B0 95 88 95 B0 95 56 95 A6 95 7E 95 88 95 88 95 9C 95 7E 95 7E 95 9C 95 56 95 56 FF 
FA 94 B6 95 9C 95 A6 95 A6 95 92 95 B0 95 92 95 92 95 92 96 00 95 88 95 88 95 9C 95 88 95 92 FF 
FA 95 92 95 74 95 06 95 7E 95 9C 95 7E 95 9C 95 7E 95 9C 95 7E 95 92 95 B0 95 BA 95 7E 95 7E FF 
FA 95 92 95 A6 95 A6 95 92 95 C4 96 00 95 88 95 7E 95 B0 94 B6 95 A6 95 9C 95 88 95 9C 95 92 FF 
FA 95 9C 95 88 95 88 96 00 95 92 95 B0 95 92 95 74 95 6A 95 92 95 88 95 D8 95 6A 95 A6 95 9C FF 
FA 95 A6 95 9C 95 92 96 00 95 88 95 92 95 88 95 88 95 92 95 92 95 9C 95 9C 95 88 95 92 95 92 FF 
FA 95 92 95 92 95 7E 95 9C 95 7E 95 A6 95 7E 95 88 95 88 95 88 95 D8 95 88 95 92 95 D8 95 6A FF 
FA 95 B0 96 00 96 00 95 56 95 92 95 9C 95 88 95 7E 95 9C 95 88 95 92 95 56 95 56 95 88 95 9C FF 
FA 95 9C 95 88 95 B0 95 7E 95 7E 95 74 95 7E 95 A6 95 9C 95 92 95 92 95 9C 95 88 95 92 95 56 FF 
FA 95 92 95 7E 95 92 95 88 95 A6 95 7E 95 56 95 74 95 56 95 CE 95 88 95 88 95 BA 95 56 95 7E FF 
FA 95 B0 95 7E 95 88 96 00 95 92 95 92 95 9C 95 7E 95 9C 95 9C 95 88 95 56 95 92 95 88 95 9C FF 
FA 95 9C 95 9C 95 88 95 9C 95 92 95 B0 95 92 95 92 95 88 95 92 95 92 95 9C 95 92 95 9C 95 74 FF 
FA 95 60 95 B0 95 92 95 92 95 92 95 92 95 9C 95 9C 95 88 95 7E 95 92 95 92 95 92 95 9C 95 9C FF 
FA 95 A6 95 9C 96 00 96 00 95 9C 95 9C 95 56 95 92 95 92 95 92 95 88 95 A6 95 92 95 9C 95 92 FF 
FA 95 9C 95 9C 95 9C 95 92 95 7E 95 B0 95 88 95 9C 95 88 95 9C 95 B0 95 9C 95 B0 95 9C 95 92 FF 
FA 95 92 95 92 95 D8 94 B6 95 9C 95 92 95 7E 95 9C 95 92 95 B0 95 9C 95 9C 95 92 96 00 95 9C FF 
FA 95 92 95 B0 95 92 95 92 93 76 96 00 95 A6 95 56 95 B0 95 92 95 A6 95 9C 95 B0 96 00 95 88 FF 
FA 95 9C 95 92 95 88 95 92 95 B0 93 76 95 56 93 76 95 A6 95 B0 95 2E 95 74 95 92 95 9C 95 D8 FF 
FA 95 56 95 A6 95 92 95 56 95 92 95 88 95 9C 95 BA 95 92 95 9C 95 92 95 92 95 B0 93 76 95 B0 FF 
FA 94 B6 95 92 95 88 95 BA 95 D8 95 B0 95 CE 95 C4 95 A6 95 9C 95 BA 95 A6 94 B6 95 A6 95 B0 FF 
FA 94 B6 95 9C 95 92 95 A6 95 9C 95 88 95 92 95 88 95 88 95 92 95 9C 95 92 95 92 95 9C 95 56 FF 
FA 95 BA 95 7E 94 B6 95 92 95 9C 95 A6 95 92 95 92 95 C4 95 9C 95 A6 95 9C 95 B0 95 92 95 A6 FF 
FA 95 B0 95 7E 95 C4 95 9C 95 7E 95 88 95 9C 95 B0 95 92 95 92 96 00 95 56 95 9C 95 9C 93 76 FF 
FA 95 9C 95 92 95 9C 95 92 95 92 95 92 95 C4 95 56 95 D8 94 B6 95 88 95 56 94 B6 95 A6 95 A6 FF 
FA 95 A6 95 88 95 7E 95 92 95 92 95 88 95 92 95 56 95 6A 95 92 95 92 95 9C 95 74 95 CE 95 A6 FF 
FA 95 88 95 56 95 7E 96 00 95 7E 95 88 95 7E 95 7E 95 92 95 92 95 9C 95 A6 95 7E 95 74 95 B0 FF 
FA 95 D8 95 9C 95 88 96 00 95 9C 95 7E 95 92 95 9C 95 B0 95 7E 95 9C 95 9C 95 9C 95 B0 95 9C FF 
FA 95 88 95 74 95 B0 95 D8 95 9C 95 92 95 92 95 9C 95 9C 95 88 95 92 95 4C 95 B0 95 7E 95 9C FF 
FA 95 9C 95 56 95 A6 95 BA 96 00 95 A6 95 B0 95 88 96 00 95 7E 95 92 95 92 95 92 95 92 95 9C FF 
FA 95 92 95 A6 95 88 95 9C 95 B0 95 92 95 9C 95 88 95 9C 96 00 95 7E 95 B0 95 7E 95 88 95 9C FF 
FA 95 C4 95 B0 95 56 95 BA 93 76 95 88 96 00 95 92 95 9C 95 92 93 76 95 B0 94 B6 95 B0 96 00 FF 
FA 95 9C 95 88 95 9C 95 92 95 88 95 74 95 CE 95 B0 95 56 95 D8 95 B0 95 9C 95 D8 95 A6 95 56 FF 
FA 95 9C 95 92 95 92 95 88 95 7E 95 9C 95 88 95 92 95 88 95 7E 95 9C 95 B0 95 B0 95 9C 95 9C FF 
FA 95 92 95 56 96 00 94 B6 95 7E 95 92 95 92 95 88 95 92 95 7E 95 92 95 B0 95 92 95 9C 95 92 FF 
FA 95 9C 95 B0 95 EC 95 9C 95 88 95 B0 95 9C 95 9C 95 9C 95 56 95 92 95 88 95 88 95 9C 95 9C FF 
FA 95 BA 95 B0 95 9C 95 BA 93 76 95 9C 95 9C 95 92 95 92 96 00 95 9C 95 92 95 9C 95 B0 95 9C FF 
FA 95 9C 95 92 95 88 95 9C 95 56 95 BA 95 92 95 B0 95 B0 95 9C 96 00 95 92 95 9C 95 92 95 74 FF 
FA 96 00 95 92 95 9C 95 92 95 BA 95 B0 95 92 95 9C 94 B6 96 00 93 76 96 00 95 D8 95 6A 95 56 FF 
FA 96 00 95 A6 95 56 96 00 95 92 95 7E 95 A6 95 D8 95 B0 94 B6 95 A6 95 7E 95 88 95 B0 95 7E FF 
FA 95 A6 95 92 95 9C 95 9C 95 92 95 56 95 42 95 9C 95 9C 95 88 95 9C 95 A6 95 92 95 92 95 92 FF 
FA 95 92 95 7E 95 88 93 76 95 92 95 92 95 92 95 9C 95 B0 95 B0 95 7E 95 92 95 88 95 B0 95 A6 FF 
FA 95 BA 95 88 95 88 95 92 95 92 95 9C 95 7E 95 B0 95 88 95 92 95 B0 95 A6 95 9C 95 9C 95 9C FF 
FA 95 4C 95 9C 95 88 95 92 95 92 95 B0 95 9C 95 92 95 88 95 9C 95 74 95 88 95 92 95 9C 95 BA FF 
FA 95 A6 96 00 95 56 95 9C 95 88 95 92 95 9C 95 B0 95 9C 95 7E 95 9C 95 7E 95 9C 95 74 95 92 FF 
FA 95 D8 95 9C 95 9C 94 B6 96 00 96 00 95 9C 95 2E 95 C4 95 92 95 9C 95 92 95 B0 94 B6 94 B6 FF 
FA 96 00 95 9C 95 7E 95 7E 95 7E 94 B6 95 56 96 00 94 B6 95 7E 95 C4 95 C4 95 9C 94 B6 95 92 FF 
FA 95 6A 95 92 93 76 93 76 95 B0 95 9C 95 88 95 9C 95 92 95 92 95 9C 95 9C 95 9C 95 88 95 56 FF 
FA 95 92 95 6A 95 88 95 92 95 74 95 92 95 56 96 00 94 B6 95 92 95 88 95 92 94 B6 95 9C 95 B0 FF 
FA 95 9C 95 C4 95 88 95 B0 95 88 95 B0 95 B0 95 56 95 7E 95 92 94 B6 95 A6 96 00 95 56 95 9C FF 
FA 95 7E 95 9C 95 92 95 92 93 76 95 92 95 88 95 92 95 9C 95 7E 95 7E 95 9C 96 00 96 00 95 9C FF 
FA 95 7E 95 9C 95 92 95 92 95 EC 95 88 96 00 95 7E 95 92 96 00 95 7E 95 92 95 9C 95 92 95 9C FF 
FA 95 A6 95 6A 95 B0 95 B0 94 B6 96 00 95 B0 95 7E 95 9C 95 9C 95 9C 95 9C 93 76 96 00 95 9C FF 
FA 95 88 95 92 95 7E 95 88 95 7E 95 9C 95 D8 95 7E 95 92 95 74 95 7E 95 88 95 92 95 D8 95 56 FF 
FA 95 56 95 88 96 00 96 00 95 92 95 92 95 88 95 9C 95 92 95 7E 95 7E 95 7E 95 9C 95 92 95 88 FF 
FA 95 7E 93 76 95 88 95 92 96 00 95 92 95 92 95 88 95 92 96 00 95 92 95 88 95 9C 95 92 95 92 FF 
FA 95 9C 95 9C 95 A6 95 7E 93 76 95 7E 95 88 95 92 95 92 95 92 95 9C 96 00 95 9C 95 9C 95 92 FF 
FA 95 9C 95 9C 95 7E 95 92 95 88 95 7E 94 B6 95 B0 95 BA 93 76 96 00 95 7E 95 9C 94 B6 95 6A FF 
FA 95 C4 95 92 95 7E 95 7E 95 92 95 92 95 A6 95 92 96 00 95 92 95 88 95 92 95 9C 95 7E 95 7E FF 
FA 95 B0 95 74 95 92 95 92 95 A6 95 88 95 BA 95 9C 95 7E 95 92 95 92 95 88 95 92 95 92 95 B0 FF 
FA 95 7E 93 76 95 D8 95 92 95 88 95 9C 95 88 95 92 95 88 95 7E 95 92 95 88 95 92 95 74 95 C4 FF 
FA 95 92 95 B0 95 92 95 9C 95 A6 95 7E 96 00 96 00 95 B0 95 56 93 76 96 00 96 00 95 7E 95 B0 FF 
FA 95 B0 95 74 95 9C 95 9C 95 7E 95 C4 95 92 94 B6 95 56 95 7E 94 B6 95 9C 95 56 95 6A 95 B0 FF 
FA 95 7E 95 9C 95 92 94 B6 95 92 95 88 95 88 95 A6 95 88 95 B0 95 7E 95 92 95 7E 95 92 95 7E FF 
FA 96 00 95 9C 95 74 95 7E 95 7E 95 7E 96 00 95 B0 95 B0 93 76 95 56 95 9C 93 76 95 A6 95 9C FF 
FA 96 00 95 7E 95 92 95 74 95 CE 95 60 95 56 95 92 95 A6 95 88 95 88 95 74 95 9C 95 92 95 7E FF 
FA 95 92 95 88 95 B0 95 B0 95 9C 95 7E 95 9C 95 88 95 88 95 92 96 00 95 9C 95 9C 95 92 95 92 FF 
FA 95 88 95 B0 95 D8 95 9C 95 88 95 92 95 92 95 9C 95 9C 95 88 95 92 95 7E 96 00 95 C4 95 9C FF 
FA 95 92 93 76 95 56 95 74 95 88 95 9C 95 92 96 00 95 9C 95 9C 95 92 95 92 95 A6 95 9C 95 92 FF 
FA 95 9C 95 7E 95 92 95 92 95 56 95 B0 95 7E 94 B6 95 56 95 92 95 7E 95 9C 95 B0 94 B6 93 76 FF 
FA 95 B0 95 7E 95 9C 95 9C 95 92 95 92 95 92 95 92 95 9C 95 92 95 92 95 9C 95 9C 95 92 95 7E FF 
FA 95 9C 94 B6 95 88 95 A6 96 00 93 76 96 00 95 9C 96 00 96 00 93 76 95 9C 93 76 96 00 95 B0 FF 
FA 95 A6 95 7E 95 92 95 A6 96 00 95 92 95 88 95 9C 95 7E 96 00 95 92 96 00 95 9C 95 9C 96 00 FF 
FA 95 92 95 92 95 A6 95 9C 95 92 94 B6 95 A6 95 56 95 92 95 D8 95 B0 95 56 95 88 95 56 95 9C FF 
FA 95 B0 95 88 95 7E 95 92 95 74 95 7E 95 9C 95 A6 95 88 95 88 95 9C 95 92 95 B0 95 9C 95 7E FF 
FA 95 9C 96 00 95 7E 94 B6 95 7E 95 88 95 92 95 92 95 9C 95 7E 95 88 95 88 95 92 95 92 95 92 FF 
FA 95 92 95 D8 95 92 95 A6 95 B0 95 88 95 9C 95 C4 95 56 95 92 95 9C 95 9C 95 92 95 92 95 92 FF 
FA 96 00 95 88 95 7E 95 7E 95 92 95 9C 95 92 93 76 95 A6 95 BA 94 B6 95 56 95 56 93 76 96 00 FF 
FA 95 9C 95 A6 95 88 95 9C 95 92 95 CE 95 92 95 A6 95 88 95 A6 95 CE 95 92 95 92 95 D8 95 9C FF 
FA 93 76 95 9C 95 92 96 00 95 7E 95 92 95 92 95 88 96 0A 95 A6 95 9C 95 6A 95 B0 95 9C 95 6A FF 
FA 95 92 95 7E 95 B0 95 88 95 A6 95 74 95 A6 95 9C 95 7E 95 92 95 88 95 74 95 88 95 92 95 92 FF 
FA 95 88 95 88 95 9C 94 B6 95 88 95 9C 95 7E 95 92 95 74 95 92 95 74 95 92 95 6A 95 88 95 92 FF 
FA 95 A6 95 9C 93 76 96 00 95 74 95 92 95 9C 95 92 95 92 95 92 95 92 95 92 95 92 95 9C 95 A6 FF 
FA 95 7E 96 00 95 7E 95 9C 95 9C 95 56 95 B0 95 92 95 88 95 92 95 92 95 92 95 9C 95 7E 95 92 FF 
FA 95 88 95 7E 94 B6 95 56 95 92 95 92 95 88 95 92 95 56 95 9C 95 9C 95 7E 95 92 95 92 95 7E FF 
FA 95 92 95 9C 96 00 95 88 95 56 95 B0 95 B0 95 7E 94 B6 93 76 95 56 95 56 95 92 95 A6 95 88 FF 
FA 95 7E 95 A6 95 88 96 00 95 B0 95 B0 95 92 95 9C 95 9C 95 92 95 9C 95 9C 95 7E 95 9C 95 9C FF 
FA 95 56 95 B0 95 6A 95 7E 95 88 95 88 95 92 95 88 95 92 95 92 95 92 95 9C 95 56 95 7E 95 9C FF 
FA 95 B0 95 7E 95 88 95 92 95 7E 95 4C 95 B0 95 7E 95 7E 95 B0 95 92 95 56 95 A6 95 74 95 56 FF 
FA 95 9C 95 9C 96 00 94 B6 95 88 95 7E 95 7E 95 92 95 88 95 88 95 B0 95 7E 95 9C 95 9C 95 A6 FF 
FA 95 7E 96 00 95 56 95 D8 95 56 95 92 95 7E 95 9C 95 92 95 88 95 9C 96 00 96 00 95 92 95 92 FF 
FA 95 9C 95 7E 95 88 95 92 95 92 95 9C 96 00 95 74 95 92 95 B0 93 76 96 00 95 9C 95 92 95 B0 FF 
FA 95 56 95 C4 95 B0 95 A6 95 B0 95 7E 96 00 95 88 95 56 95 B0 96 00 95 56 95 B0 95 9C 96 00 FF 
FA 95 B0 95 92 95 9C 95 92 95 7E 95 C4 95 7E 95 92 95 92 95 92 95 92 95 92 95 7E 95 9C 95 56 FF 
FA 95 92 95 9C 95 9C 95 92 95 56 95 9C 95 92 96 00 95 9C 95 9C 96 00 95 B0 94 B6 93 76 96 00 FF 
FA 95 9C 95 BA 95 7E 95 92 95 CE 95 9C 94 B6 95 9C 95 9C 95 92 96 00 95 C4 95 9C 95 9C 96 00 FF 
FA 95 92 95 9C 95 9C 96 00 95 7E 96 00 95 B0 95 56 95 56 95 56 95 B0 95 56 95 B0 96 00 95 B0 FF 
FA 95 92 95 9C 95 92 95 B0 95 A6 96 00 95 7E 95 92 95 56 95 9C 94 B6 93 76 95 56 95 B0 95 B0 FF 
FA 95 9C 95 9C 95 9C 95 92 95 EC 95 92 94 B6 95 56 95 88 95 B0 95 92 95 9C 96 00 95 88 96 00 FF 
FA 94 B6 95 88 95 88 95 92 95 A6 95 92 95 9C 95 9C 95 56 95 9C 95 7E 95 9C 95 92 95 92 95 92 FF 
FA 95 A6 96 00 95 56 95 88 96 00 95 A6 95 A6 95 9C 96 00 95 92 96 00 95 92 95 B0 93 76 95 B0 FF 
FA 95 9C 95 92 95 92 95 A6 95 A6 95 92 95 9C 95 9C 95 9C 95 56 95 9C 95 B0 95 9C 95 92 95 C4 FF 
FA 95 74 95 7E 95 7E 95 A6 94 B6 95 B0 95 B0 96 00 96 00 95 92 95 B0 95 92 96 00 95 9C 95 9C FF 
FA 95 9C 95 B0 95 9C 95 92 96 00 95 92 95 92 95 9C 95 B0 95 A6 95 9C 95 A6 95 7E 95 92 95 92 FF 
FA 95 92 95 92 96 00 93 76 95 92 95 7E 95 9C 95 92 95 56 95 9C 95 92 95 92 95 92 95 92 95 92 FF 
FA 95 74 95 C4 95 9C 93 76 95 92 95 9C 95 92 95 92 95 88 95 B0 95 92 95 92 95 9C 95 A6 95 9C FF 
FA 95 9C 95 9C 95 A6 95 A6 95 92 95 9C 95 9C 95 92 95 92 95 88 95 92 95 B0 95 A6 95 9C 95 B0 FF 
FA 95 74 95 92 95 D8 95 9C 95 92 95 92 95 92 95 A6 95 B0 95 9C 95 9C 95 56 95 BA 95 B0 95 92 FF 
FA 95 88 95 9C 95 D8 95 B0 95 88 95 B0 96 00 95 92 95 92 95 B0 96 00 95 9C 95 88 95 9C 95 BA FF 
FA 95 9C 95 92 95 7E 95 56 95 88 95 9C 95 88 95 74 95 C4 95 7E 95 92 95 7E 95 92 95 92 95 9C FF 
FA 95 9C 95 C4 95 56 95 9C 95 88 95 9C 95 88 95 9C 95 92 95 92 95 88 96 00 95 92 95 9C 95 88 FF 
FA 95 9C 95 A6 95 88 96 00 95 9C 95 92 95 92 95 92 95 92 95 92 95 9C 95 9C 95 88 95 BA 95 92 FF 
FA 95 9C 95 92 95 B0 95 92 95 9C 95 B0 95 88 94 B6 95 9C 95 56 95 9C 95 56 95 7E 95 92 95 B0 FF 
FA 95 A6 95 B0 95 92 95 9C 95 A6 95 A6 95 6A 95 9C 95 A6 95 B0 95 B0 95 9C 95 88 95 BA 95 A6 FF 
FA 95 7E 95 92 95 88 95 D8 95 88 95 92 95 92 95 74 95 C4 95 9C 95 9C 95 9C 95 92 95 9C 95 88 FF 
FA 96 00 95 EC 96 00 95 9C 95 A6 93 76 95 B0 95 D8 94 B6 94 B6 95 9C 95 92 95 B0 96 00 95 56 FF 
FA 95 7E 95 9C 95 7E 95 92 95 7E 95 A6 95 B0 95 7E 95 7E 95 60 95 B0 95 92 95 92 95 92 95 B0 FF 
FA 95 88 95 B0 95 A6 95 92 96 00 95 9C 95 A6 95 9C 95 7E 95 B0 95 92 95 9C 95 B0 95 B0 95 9C FF 
FA 95 BA 95 7E 96 00 95 9C 95 A6 95 92 95 92 95 A6 95 B0 95 88 95 9C 95 7E 95 B0 96 00 95 9C FF 
FA 95 9C 95 A6 95 B0 95 92 95 7E 95 9C 95 9C 95 92 95 74 96 00 96 00 95 A6 95 9C 96 00 95 92 FF 
FA 95 B0 95 92 95 BA 95 B0 95 6A 94 B6 95 B0 96 00 95 92 95 9C 96 00 95 92 95 9C 95 9C 95 9C FF 
FA 95 9C 95 92 95 9C 95 92 95 92 96 00 96 00 95 88 95 7E 95 9C 95 9C 95 92 95 92 95 C4 95 7E FF 
FA 95 92 95 88 93 76 95 56 95 92 95 9C 95 92 95 92 95 B0 95 B0 95 9C 95 92 95 9C 95 7E 95 92 FF 
FA 95 92 96 00 95 56 94 B6 96 00 95 92 95 7E 95 9C 95 9C 95 9C 95 9C 95 92 95 9C 95 92 95 92 FF 
FA 95 92 95 56 95 A6 95 9C 95 88 95 9C 96 00 96 00 96 00 95 9C 95 9C 95 9C 95 92 95 88 95 7E FF 
FA 96 00 95 9C 95 CE 95 56 95 56 95 92 95 88 95 9C 95 B0 95 92 95 92 95 92 95 92 95 88 96 00 FF 
FA 95 92 95 92 95 74 95 56 95 A6 95 92 95 92 95 7E 95 9C 95 92 95 9C 95 92 96 00 96 00 95 92 FF 
FA 95 B0 95 92 95 92 95 92 95 88 95 92 95 92 95 7E 95 92 95 92 95 C4 95 7E 95 88 95 92 95 9C FF 
FA 95 9C 95 92 95 A6 95 92 95 9C 95 D8 95 C4 95 56 95 92 95 92 95 A6 95 7E 93 76 95 B0 95 56 FF 
FA 95 56 95 9C 95 9C 96 00 95 88 95 92 95 88 95 B0 95 9C 95 92 95 9C 95 A6 95 9C 95 92 95 9C FF 
FA 95 A6 95 B0 95 92 95 B0 95 9C 95 9C 95 7E 95 92 95 88 95 88 95 92 95 9C 95 92 95 B0 95 88 FF 
FA 95 B0 95 A6 95 88 95 92 95 92 95 88 95 92 95 B0 96 00 95 9C 95 92 95 92 95 9C 95 7E 95 88 FF 
FA 95 92 95 D8 95 B0 95 9C 95 88 95 7E 95 7E 95 9C 95 9C 95 C4 95 B0 95 B0 95 92 95 9C 95 7E FF 
FA 95 56 95 9C 95 9C 95 56 95 92 95 88 95 92 95 B0 95 74 95 88 95 9C 95 9C 95 92 95 B0 95 92 FF 
FA 95 B0 95 B0 95 7E 95 7E 95 92 95 9C 95 56 95 9C 95 9C 95 A6 95 92 95 9C 95 A6 95 92 95 92 FF 
FA 95 A6 95 88 95 9C 95 7E 95 7E 94 B6 94 B6 95 B0 95 9C 93 76 95 7E 96 00 94 B6 94 B6 95 92 FF 
FA 96 00 95 92 95 B0 95 B0 95 9C 95 9C 95 92 95 9C 95 9C 95 92 95 B0 95 92 95 9C 95 BA 95 92 FF 
FA 95 9C 95 9C 95 9C 95 B0 95 7E 95 B0 95 9C 95 9C 95 92 95 C4 95 7E 95 9C 95 9C 95 9C 95 92 FF 
FA 95 92 95 BA 95 92 95 92 95 92 95 9C 95 56 95 7E 95 7E 95 9C 95 88 95 B0 96 14 95 56 95 9C FF 
FA 95 A6 95 9C 95 88 95 9C 95 56 95 74 95 A6 95 88 95 92 95 A6 95 BA 95 9C 95 92 95 BA 95 92 FF 
FA 95 BA 95 7E 95 9C 93 76 95 9C 95 7E 95 92 95 88 95 88 95 92 95 A6 95 88 95 CE 95 7E 95 88 FF 
FA 95 6A 93 76 95 6A 95 A6 95 C4 95 92 95 B0 95 88 95 88 95 A6 96 00 95 9C 96 00 95 9C 95 88 FF 
FA 96 00 95 92 95 92 95 92 93 76 95 88 95 7E 95 92 95 92 95 92 95 7E 95 56 95 88 95 9C 95 A6 FF 
FA 96 00 95 88 95 88 96 00 95 B0 95 88 95 B0 95 88 95 A6 95 88 95 88 95 92 95 92 95 9C 95 88 FF 
FA 95 9C 95 88 95 9C 95 92 95 A6 95 B0 95 88 95 CE 93 76 95 92 94 B6 93 76 95 56 95 88 95 92 FF 
FA 95 92 95 92 95 92 95 7E 95 9C 95 B0 95 9C 95 7E 95 1A 95 56 95 56 95 B0 95 B0 95 A6 95 56 FF 
FA 95 92 95 92 95 B0 93 76 95 9C 95 92 95 7E 95 88 95 88 95 9C 95 92 95 9C 96 00 95 92 95 92 FF 
FA 95 88 95 9C 93 76 94 B6 95 56 95 92 95 88 95 9C 95 92 95 88 95 92 95 88 95 92 95 92 95 92 FF 
FA 95 6A 93 76 95 92 95 9C 95 88 95 92 95 92 95 7E 95 92 95 92 95 88 95 7E 95 56 95 9C 95 B0 FF 
FA 93 76 95 92 95 92 94 B6 95 B0 95 C4 95 B0 95 92 95 7E 95 92 95 7E 95 92 95 92 95 88 95 9C FF 
FA 95 88 95 56 95 7E 95 B0 95 9C 95 9C 95 92 95 92 95 88 95 B0 95 88 95 92 95 7E 95 7E 95 92 FF 
FA 95 92 95 7E 95 56 95 7E 95 88 94 B6 95 9C 95 56 95 74 95 B0 94 B6 95 B0 95 A6 96 00 95 9C FF 
FA 95 7E 95 88 95 88 95 7E 95 92 95 6A 95 A6 95 88 95 9C 95 92 95 7E 95 88 95 88 95 92 95 7E FF 
FA 95 9C 95 9C 95 7E 94 B6 95 9C 95 88 95 7E 95 7E 95 92 95 7E 95 9C 95 88 95 56 95 7E 95 9C FF 
FA 95 92 95 9C 95 88 95 92 95 CE 95 7E 95 9C 95 B0 95 6A 95 B0 95 92 95 6A 95 56 95 B0 95 88 FF 
FA 95 88 95 7E 95 9C 95 92 95 7E 95 7E 95 92 95 88 95 92 95 9C 95 92 95 7E 95 9C 95 88 95 88 FF 
FA 95 B0 95 BA 95 4C 95 92 95 92 95 7E 95 88 95 92 95 7E 95 56 94 B6 95 D8 95 9C 95 88 95 92 FF 
FA 95 9C 95 9C 95 9C 95 56 95 9C 95 56 96 00 95 88 95 92 95 7E 95 92 95 9C 95 88 95 9C 95 92 FF 
FA 95 A6 95 CE 95 6A 95 A6 95 7E 95 9C 95 88 95 92 95 4C 95 9C 95 92 95 88 95 9C 95 92 95 88 FF 
FA 95 92 95 B0 95 7E 95 7E 95 92 95 7E 95 B0 95 88 95 7E 95 88 95 92 95 92 95 9C 95 7E 95 92 FF 
FA 95 92 95 9C 95 9C 95 9C 95 9C 95 B0 95 7E 95 7E 95 D8 95 BA 95 88 95 CE 95 A6 94 B6 95 9C FF 
FA 96 00 95 9C 95 92 95 88 95 7E 95 92 95 B0 95 88 95 88 95 92 95 92 95 88 95 56 95 56 95 7E FF 
FA 95 92 95 B0 93 76 95 88 95 56 95 92 95 88 95 92 95 92 95 92 95 7E 95 7E 95 92 95 88 95 92 FF 
FA 95 88 94 B6 95 7E 95 A6 95 9C 95 7E 95 7E 95 9C 95 7E 95 92 95 92 95 92 95 92 95 92 95 92 FF 
FA 95 7E 95 88 95 74 95 56 95 7E 93 76 95 D8 95 56 93 76 95 7E 95 7E 95 56 95 6A 95 9C 93 76 FF 
FA 95 92 95 9C 96 00 95 A6 95 7E 95 7E 95 92 95 9C 95 92 95 88 95 B0 95 88 95 92 95 92 95 9C FF 
FA 95 92 95 9C 95 92 95 92 96 00 95 9C 95 7E 95 88 95 9C 95 9C 96 00 95 92 95 92 95 92 95 7E FF 
FA 95 7E 95 56 95 92 95 92 96 00 95 92 95 92 95 9C 95 92 95 92 95 88 95 9C 95 6A 95 88 95 A6 FF 
FA 95 7E 95 A6 95 56 95 C4 95 9C 95 7E 95 88 95 9C 95 7E 95 9C 95 7E 95 88 95 7E 95 9C 95 7E FF 
FA 95 92 95 9C 95 92 96 00 95 7E 95 9C 95 88 95 74 95 88 95 9C 95 88 95 74 95 56 95 9C 95 88 FF 
FA 95 9C 95 B0 95 92 95 7E 95 9C 95 92 95 88 95 7E 95 92 93 76 95 9C 94 B6 95 56 95 A6 93 76 FF 
FA 93 76 95 7E 95 92 93 76 95 92 95 9C 95 88 95 92 95 92 95 7E 95 88 95 7E 95 92 95 92 95 88 FF 
FA 95 92 95 6A 95 6A 95 B0 95 92 95 92 96 00 95 7E 95 7E 94 B6 95 92 96 00 95 B0 96 00 95 9C FF 
FA 95 A6 95 7E 95 9C 95 9C 95 92 93 76 94 B6 95 7E 95 92 95 56 95 88 95 92 96 00 95 92 96 00 FF 
FA 95 74 95 88 95 92 95 BA 95 88 95 7E 95 7E 95 56 95 56 94 B6 95 B0 95 E2 95 42 94 B6 94 B6 FF 
FA 93 76 95 88 96 00 95 92 95 B0 95 92 95 92 95 92 95 88 95 92 95 7E 95 92 95 88 95 88 95 7E FF 
FA 95 88 95 9C 95 88 95 7E 95 88 95 7E 95 7E 95 7E 95 9C 95 92 95 7E 95 88 95 9C 95 9C 95 9C FF 
FA 95 9C 96 00 96 00 95 7E 95 B0 95 74 95 56 95 92 95 9C 95 7E 95 88 95 88 95 88 95 92 95 92 FF 
FA 95 92 95 92 95 92 95 7E 95 B0 95 92 95 7E 95 88 95 B0 95 92 95 7E 95 7E 95 7E 95 7E 95 7E FF 
FA 95 56 95 74 95 92 95 A6 95 2E 95 9C 95 9C 95 88 95 56 93 76 95 6A 95 2E 95 BA 95 88 95 92 FF 
FA 95 88 96 00 94 B6 95 D8 95 92 96 00 95 92 95 92 95 9C 95 7E 95 92 95 7E 96 00 95 92 95 7E FF 
FA 96 00 95 88 95 92 95 7E 95 56 95 B0 95 92 95 B0 95 88 95 9C 94 B6 95 74 95 B0 95 74 95 7E FF 
FA 95 92 95 7E 95 88 95 92 95 74 95 7E 95 7E 95 7E 95 88 95 88 95 7E 95 92 95 92 95 88 96 00 FF 
FA 95 B0 95 88 95 92 95 7E 95 92 95 9C 95 9C 95 74 95 24 95 9C 95 88 95 9C 95 7E 95 88 95 74 FF 
FA 95 92 96 00 95 56 95 D8 93 76 95 88 96 00 95 92 95 7E 95 92 95 88 93 76 95 56 95 92 95 88 FF 
FA 95 88 94 B6 95 B0 95 B0 96 00 95 74 96 00 95 92 95 9C 95 92 95 7E 95 88 95 7E 95 92 95 88 FF 
FA 95 88 95 88 95 9C 95 74 95 92 95 88 96 00 95 92 95 56 95 7E 95 92 95 7E 95 88 95 9C 95 92 FF 
FA 95 92 95 B0 96 50 95 74 95 9C 95 74 95 92 95 7E 95 92 95 88 95 88 95 92 95 92 95 88 95 7E FF 
FA 95 88 95 D8 95 A6 95 92 96 00 96 00 95 9C 95 7E 95 88 95 B0 95 9C 95 88 95 9C 95 88 95 7E FF 
FA 95 92 95 7E 95 74 95 BA 96 00 95 7E 95 92 95 9C 96 00 95 92 95 A6 95 88 95 56 95 88 95 88 FF 
FA 95 9C 95 92 95 88 95 88 95 7E 95 B0 95 56 95 92 95 9C 95 88 96 00 95 7E 95 9C 95 92 95 92 FF 
FA 95 9C 95 9C 95 6A 95 92 94 B6 95 7E 95 92 95 92 95 C4 95 B0 96 00 95 92 95 7E 93 76 96 00 FF 
FA 95 B0 95 C4 95 7E 95 9C 95 B0 95 56 95 92 95 B0 95 56 95 9C 95 B0 95 7E 94 B6 95 B0 95 A6 FF 
FA 95 88 95 92 95 7E 95 B0 95 B0 96 00 95 92 95 7E 95 7E 95 B0 95 92 95 7E 95 9C 95 92 95 88 FF 
FA 95 88 95 B0 95 92 95 88 95 B0 95 B0 95 92 95 9C 95 56 95 88 95 9C 95 92 95 92 95 88 95 EC FF 
FA 95 9C 95 9C 95 7E 95 9C 95 9C 95 92 95 A6 95 88 95 92 95 A6 95 9C 95 92 95 92 95 6A 95 92 FF 
FA 95 9C 95 92 95 92 95 7E 95 7E 95 9C 95 88 96 00 95 9C 96 00 94 B6 95 7E 94 B6 95 7E 95 9C FF 
FA 95 88 95 92 95 56 95 88 95 74 95 9C 95 9C 95 88 95 9C 95 7E 95 92 95 92 96 00 95 7E 95 9C FF 
FA 95 92 93 76 95 9C 95 92 96 00 95 56 95 9C 95 7E 95 9C 95 B0 95 88 96 00 95 88 95 92 93 76 FF 
FA 96 28 95 92 95 C4 95 7E 95 7E 95 A6 94 B6 95 9C 95 7E 95 B0 95 56 94 B6 95 7E 95 A6 95 56 FF 
FA 95 A6 95 7E 95 88 95 B0 95 92 95 56 95 9C 95 92 95 92 95 7E 95 9C 95 7E 95 7E 95 88 95 92 FF 
FA 95 92 95 9C 95 88 95 9C 95 92 95 56 95 56 95 2E 95 9C 95 B0 95 7E 95 56 95 7E 95 56 95 B0 FF 
FA 95 B0 95 88 95 BA 95 88 95 7E 95 92 95 88 95 A6 95 9C 95 7E 95 C4 95 74 95 9C 95 88 95 92 FF 
FA 95 92 96 00 95 74 95 B0 95 9C 95 92 95 88 95 88 95 C4 95 7E 95 9C 95 9C 95 88 95 7E 95 56 FF 
FA 95 56 95 B0 95 56 95 6A 95 9C 95 9C 95 92 95 88 95 88 95 92 95 88 95 2E 95 88 95 9C 95 88 FF 
FA 95 88 95 6A 95 92 95 92 95 7E 95 B0 95 92 95 88 95 92 95 88 96 00 95 92 95 92 95 7E 96 00 FF 
FA 95 74 95 9C 95 74 95 7E 95 9C 95 88 95 7E 95 88 95 9C 95 7E 95 92 95 7E 95 92 95 88 95 9C FF 
FA 95 B0 95 06 95 9C 95 88 95 56 95 7E 95 88 96 00 95 88 95 92 95 92 96 00 95 88 95 9C 95 88 FF 
FA 95 92 95 B0 95 92 95 88 95 88 95 B0 95 88 96 00 95 74 95 88 95 92 95 7E 95 7E 96 00 95 92 FF 
FA 95 B0 95 9C 95 B0 95 9C 95 9C 96 00 95 B0 95 B0 96 00 95 9C 96 00 95 9C 96 00 95 9C 95 92 FF 
FA 95 92 95 7E 95 92 95 7E 95 9C 95 4C 95 9C 95 B0 96 00 93 76 95 88 95 92 94 B6 95 88 95 92 FF 
FA 95 92 95 9C 95 92 95 9C 95 56 95 9C 95 92 93 76 94 B6 95 56 95 92 95 92 95 56 95 88 95 92 FF 
FA 95 7E 95 9C 95 4C 94 B6 95 88 95 9C 95 88 95 7E 95 9C 95 92 95 7E 95 2E 95 88 95 56 95 7E FF 
FA 95 9C 94 B6 95 56 95 92 95 B0 95 92 95 7E 95 88 95 7E 95 88 95 88 95 A6 95 9C 95 92 95 C4 FF 
FA 95 9C 95 92 95 92 95 88 95 EC 95 B0 95 56 95 88 95 56 96 00 95 7E 96 00 95 9C 95 88 95 9C FF 
FA 95 88 95 9C 95 9C 95 9C 95 88 96 00 96 00 95 92 95 9C 95 9C 95 88 96 00 95 92 95 92 96 00 FF 
FA 95 92 94 B6 94 B6 95 7E 95 92 95 9C 95 7E 95 9C 95 9C 95 92 95 BA 95 88 95 A6 95 7E 95 A6 FF 
FA 95 D8 95 88 95 7E 95 56 95 92 95 92 95 88 95 88 95 88 95 9C 95 88 95 88 95 92 95 88 95 88 FF 
FA 95 B0 93 76 93 76 95 56 95 92 95 92 95 88 96 0A 95 92 95 D8 95 9C 95 92 95 92 95 9C 95 56 FF 
FA 96 00 95 92 95 7E 95 88 95 88 95 9C 95 60 93 76 95 7E 95 D8 95 56 95 B0 95 EC 95 D8 95 BA FF 
FA 95 B0 95 7E 95 9C 95 74 95 9C 95 92 95 B0 95 56 95 92 95 74 95 88 95 A6 95 60 95 BA 95 9C FF 
FA 95 9C 95 9C 96 00 95 A6 95 88 95 9C 95 92 95 88 95 92 95 88 95 9C 95 92 95 92 95 9C 95 88 FF 
FA 95 9C 96 00 94 B6 95 7E 96 00 95 9C 95 88 95 92 95 9C 95 88 95 88 95 92 95 92 95 92 95 9C FF 
FA 95 92 95 7E 95 9C 95 56 95 88 95 A6 95 7E 95 88 95 7E 95 88 95 88 95 D8 95 7E 95 A6 95 A6 FF 
FA 95 CE 95 9C 96 00 95 56 95 7E 95 92 95 74 95 74 95 7E 95 9C 95 92 95 BA 95 A6 95 92 95 7E FF 
FA 95 9C 95 88 95 9C 95 7E 95 7E 95 92 95 92 95 7E 95 9C 95 7E 95 B0 95 B0 96 00 95 9C 96 00 FF 
FA 95 92 95 D8 95 A6 95 9C 95 B0 95 9C 95 9C 95 88 96 00 95 9C 96 00 95 92 95 92 95 9C 95 92 FF 
FA 95 92 95 7E 95 88 95 A6 95 88 95 7E 95 92 95 A6 95 92 95 88 95 92 95 B0 95 B0 95 92 95 92 FF 
FA 95 9C 95 92 95 60 95 A6 95 9C 95 9C 95 9C 95 7E 95 9C 95 7E 95 92 95 7E 95 9C 95 92 95 7E FF 
FA 95 7E 95 7E 95 92 95 7E 95 7E 95 B0 95 56 95 88 95 92 95 9C 95 88 95 56 95 7E 95 B0 95 92 FF 
FA 95 74 95 7E 94 DE 95 06 95 92 95 92 95 92 95 7E 95 88 95 7E 95 88 95 B0 95 B0 95 B0 95 88 FF 
FA 95 92 95 7E 95 A6 95 9C 95 7E 95 92 95 56 95 88 96 00 95 88 95 92 95 7E 95 56 95 9C 96 00 FF 
FA 95 92 95 88 95 92 95 92 95 9C 95 92 95 B0 95 9C 95 9C 95 9C 93 76 95 92 95 92 96 00 95 92 FF 
FA 95 7E 95 7E 95 4C 95 9C 95 9C 95 B0 96 0A 95 9C 96 00 96 00 94 B6 95 92 96 00 94 B6 95 B0 FF 
FA 95 92 95 9C 95 88 95 88 96 00 93 76 95 9C 95 9C 95 7E 95 88 96 00 93 76 95 92 95 92 95 56 FF 
FA 96 00 95 9C 95 92 95 88 95 A6 95 9C 95 74 95 56 95 B0 95 56 96 00 96 00 93 76 96 00 95 56 FF 
FA 95 B0 95 D8 95 92 95 92 95 B0 95 C4 95 92 95 7E 95 92 95 7E 96 00 95 92 95 88 95 88 95 7E FF 